3581 4349
256 512 256

2 1 0 256 2044 XOR
2 1 0 256 768 AND
2 1 1 768 769 XOR
2 1 257 769 2043 XOR
2 1 257 768 770 XOR
2 1 769 770 771 AND
2 1 768 771 772 XOR
2 1 2 772 773 XOR
2 1 258 773 2042 XOR
2 1 258 772 774 XOR
2 1 773 774 775 AND
2 1 772 775 776 XOR
2 1 3 776 777 XOR
2 1 259 777 2041 XOR
2 1 259 776 778 XOR
2 1 777 778 779 AND
2 1 776 779 780 XOR
2 1 4 780 781 XOR
2 1 260 781 2040 XOR
2 1 260 780 782 XOR
2 1 781 782 783 AND
2 1 780 783 784 XOR
2 1 5 784 785 XOR
2 1 261 785 2039 XOR
2 1 261 784 786 XOR
2 1 785 786 787 AND
2 1 784 787 788 XOR
2 1 6 788 789 XOR
2 1 262 789 2038 XOR
2 1 262 788 790 XOR
2 1 789 790 791 AND
2 1 788 791 792 XOR
2 1 7 792 793 XOR
2 1 263 793 2037 XOR
2 1 263 792 794 XOR
2 1 793 794 795 AND
2 1 792 795 796 XOR
2 1 8 796 797 XOR
2 1 264 797 2036 XOR
2 1 264 796 798 XOR
2 1 797 798 799 AND
2 1 796 799 800 XOR
2 1 9 800 801 XOR
2 1 265 801 2035 XOR
2 1 265 800 802 XOR
2 1 801 802 803 AND
2 1 800 803 804 XOR
2 1 10 804 805 XOR
2 1 266 805 2034 XOR
2 1 266 804 806 XOR
2 1 805 806 807 AND
2 1 804 807 808 XOR
2 1 11 808 809 XOR
2 1 267 809 2033 XOR
2 1 267 808 810 XOR
2 1 809 810 811 AND
2 1 808 811 812 XOR
2 1 12 812 813 XOR
2 1 268 813 2032 XOR
2 1 268 812 814 XOR
2 1 813 814 815 AND
2 1 812 815 816 XOR
2 1 13 816 817 XOR
2 1 269 817 2031 XOR
2 1 269 816 818 XOR
2 1 817 818 819 AND
2 1 816 819 820 XOR
2 1 14 820 821 XOR
2 1 270 821 2030 XOR
2 1 270 820 822 XOR
2 1 821 822 823 AND
2 1 820 823 824 XOR
2 1 15 824 825 XOR
2 1 271 825 2029 XOR
2 1 271 824 826 XOR
2 1 825 826 827 AND
2 1 824 827 828 XOR
2 1 16 828 829 XOR
2 1 272 829 2028 XOR
2 1 272 828 830 XOR
2 1 829 830 831 AND
2 1 828 831 832 XOR
2 1 17 832 833 XOR
2 1 273 833 2027 XOR
2 1 273 832 834 XOR
2 1 833 834 835 AND
2 1 832 835 836 XOR
2 1 18 836 837 XOR
2 1 274 837 2026 XOR
2 1 274 836 838 XOR
2 1 837 838 839 AND
2 1 836 839 840 XOR
2 1 19 840 841 XOR
2 1 275 841 2025 XOR
2 1 275 840 842 XOR
2 1 841 842 843 AND
2 1 840 843 844 XOR
2 1 20 844 845 XOR
2 1 276 845 2024 XOR
2 1 276 844 846 XOR
2 1 845 846 847 AND
2 1 844 847 848 XOR
2 1 21 848 849 XOR
2 1 277 849 2023 XOR
2 1 277 848 850 XOR
2 1 849 850 851 AND
2 1 848 851 852 XOR
2 1 22 852 853 XOR
2 1 278 853 2022 XOR
2 1 278 852 854 XOR
2 1 853 854 855 AND
2 1 852 855 856 XOR
2 1 23 856 857 XOR
2 1 279 857 2021 XOR
2 1 279 856 858 XOR
2 1 857 858 859 AND
2 1 856 859 860 XOR
2 1 24 860 861 XOR
2 1 280 861 2020 XOR
2 1 280 860 862 XOR
2 1 861 862 863 AND
2 1 860 863 864 XOR
2 1 25 864 865 XOR
2 1 281 865 2019 XOR
2 1 281 864 866 XOR
2 1 865 866 867 AND
2 1 864 867 868 XOR
2 1 26 868 869 XOR
2 1 282 869 2018 XOR
2 1 282 868 870 XOR
2 1 869 870 871 AND
2 1 868 871 872 XOR
2 1 27 872 873 XOR
2 1 283 873 2017 XOR
2 1 283 872 874 XOR
2 1 873 874 875 AND
2 1 872 875 876 XOR
2 1 28 876 877 XOR
2 1 284 877 2016 XOR
2 1 284 876 878 XOR
2 1 877 878 879 AND
2 1 876 879 880 XOR
2 1 29 880 881 XOR
2 1 285 881 2015 XOR
2 1 285 880 882 XOR
2 1 881 882 883 AND
2 1 880 883 884 XOR
2 1 30 884 885 XOR
2 1 286 885 2014 XOR
2 1 286 884 886 XOR
2 1 885 886 887 AND
2 1 884 887 888 XOR
2 1 31 888 889 XOR
2 1 287 889 2013 XOR
2 1 287 888 890 XOR
2 1 889 890 891 AND
2 1 888 891 892 XOR
2 1 32 892 893 XOR
2 1 288 893 2012 XOR
2 1 288 892 894 XOR
2 1 893 894 895 AND
2 1 892 895 896 XOR
2 1 33 896 897 XOR
2 1 289 897 2011 XOR
2 1 289 896 898 XOR
2 1 897 898 899 AND
2 1 896 899 900 XOR
2 1 34 900 901 XOR
2 1 290 901 2010 XOR
2 1 290 900 902 XOR
2 1 901 902 903 AND
2 1 900 903 904 XOR
2 1 35 904 905 XOR
2 1 291 905 2009 XOR
2 1 291 904 906 XOR
2 1 905 906 907 AND
2 1 904 907 908 XOR
2 1 36 908 909 XOR
2 1 292 909 2008 XOR
2 1 292 908 910 XOR
2 1 909 910 911 AND
2 1 908 911 912 XOR
2 1 37 912 913 XOR
2 1 293 913 2007 XOR
2 1 293 912 914 XOR
2 1 913 914 915 AND
2 1 912 915 916 XOR
2 1 38 916 917 XOR
2 1 294 917 2006 XOR
2 1 294 916 918 XOR
2 1 917 918 919 AND
2 1 916 919 920 XOR
2 1 39 920 921 XOR
2 1 295 921 2005 XOR
2 1 295 920 922 XOR
2 1 921 922 923 AND
2 1 920 923 924 XOR
2 1 40 924 925 XOR
2 1 296 925 2004 XOR
2 1 296 924 926 XOR
2 1 925 926 927 AND
2 1 924 927 928 XOR
2 1 41 928 929 XOR
2 1 297 929 2003 XOR
2 1 297 928 930 XOR
2 1 929 930 931 AND
2 1 928 931 932 XOR
2 1 42 932 933 XOR
2 1 298 933 2002 XOR
2 1 298 932 934 XOR
2 1 933 934 935 AND
2 1 932 935 936 XOR
2 1 43 936 937 XOR
2 1 299 937 2001 XOR
2 1 299 936 938 XOR
2 1 937 938 939 AND
2 1 936 939 940 XOR
2 1 44 940 941 XOR
2 1 300 941 2000 XOR
2 1 300 940 942 XOR
2 1 941 942 943 AND
2 1 940 943 944 XOR
2 1 45 944 945 XOR
2 1 301 945 1999 XOR
2 1 301 944 946 XOR
2 1 945 946 947 AND
2 1 944 947 948 XOR
2 1 46 948 949 XOR
2 1 302 949 1998 XOR
2 1 302 948 950 XOR
2 1 949 950 951 AND
2 1 948 951 952 XOR
2 1 47 952 953 XOR
2 1 303 953 1997 XOR
2 1 303 952 954 XOR
2 1 953 954 955 AND
2 1 952 955 956 XOR
2 1 48 956 957 XOR
2 1 304 957 1996 XOR
2 1 304 956 958 XOR
2 1 957 958 959 AND
2 1 956 959 960 XOR
2 1 49 960 961 XOR
2 1 305 961 1995 XOR
2 1 305 960 962 XOR
2 1 961 962 963 AND
2 1 960 963 964 XOR
2 1 50 964 965 XOR
2 1 306 965 1994 XOR
2 1 306 964 966 XOR
2 1 965 966 967 AND
2 1 964 967 968 XOR
2 1 51 968 969 XOR
2 1 307 969 1993 XOR
2 1 307 968 970 XOR
2 1 969 970 971 AND
2 1 968 971 972 XOR
2 1 52 972 973 XOR
2 1 308 973 1992 XOR
2 1 308 972 974 XOR
2 1 973 974 975 AND
2 1 972 975 976 XOR
2 1 53 976 977 XOR
2 1 309 977 1991 XOR
2 1 309 976 978 XOR
2 1 977 978 979 AND
2 1 976 979 980 XOR
2 1 54 980 981 XOR
2 1 310 981 1990 XOR
2 1 310 980 982 XOR
2 1 981 982 983 AND
2 1 980 983 984 XOR
2 1 55 984 985 XOR
2 1 311 985 1989 XOR
2 1 311 984 986 XOR
2 1 985 986 987 AND
2 1 984 987 988 XOR
2 1 56 988 989 XOR
2 1 312 989 1988 XOR
2 1 312 988 990 XOR
2 1 989 990 991 AND
2 1 988 991 992 XOR
2 1 57 992 993 XOR
2 1 313 993 1987 XOR
2 1 313 992 994 XOR
2 1 993 994 995 AND
2 1 992 995 996 XOR
2 1 58 996 997 XOR
2 1 314 997 1986 XOR
2 1 314 996 998 XOR
2 1 997 998 999 AND
2 1 996 999 1000 XOR
2 1 59 1000 1001 XOR
2 1 315 1001 1985 XOR
2 1 315 1000 1002 XOR
2 1 1001 1002 1003 AND
2 1 1000 1003 1004 XOR
2 1 60 1004 1005 XOR
2 1 316 1005 1984 XOR
2 1 316 1004 1006 XOR
2 1 1005 1006 1007 AND
2 1 1004 1007 1008 XOR
2 1 61 1008 1009 XOR
2 1 317 1009 1983 XOR
2 1 317 1008 1010 XOR
2 1 1009 1010 1011 AND
2 1 1008 1011 1012 XOR
2 1 62 1012 1013 XOR
2 1 318 1013 1982 XOR
2 1 318 1012 1014 XOR
2 1 1013 1014 1015 AND
2 1 1012 1015 1016 XOR
2 1 63 1016 1017 XOR
2 1 319 1017 1981 XOR
2 1 319 1016 1018 XOR
2 1 1017 1018 1019 AND
2 1 1016 1019 1020 XOR
2 1 64 1020 1021 XOR
2 1 320 1021 1980 XOR
2 1 320 1020 1022 XOR
2 1 1021 1022 1023 AND
2 1 1020 1023 1024 XOR
2 1 65 1024 1025 XOR
2 1 321 1025 1979 XOR
2 1 321 1024 1026 XOR
2 1 1025 1026 1027 AND
2 1 1024 1027 1028 XOR
2 1 66 1028 1029 XOR
2 1 322 1029 1978 XOR
2 1 322 1028 1030 XOR
2 1 1029 1030 1031 AND
2 1 1028 1031 1032 XOR
2 1 67 1032 1033 XOR
2 1 323 1033 1977 XOR
2 1 323 1032 1034 XOR
2 1 1033 1034 1035 AND
2 1 1032 1035 1036 XOR
2 1 68 1036 1037 XOR
2 1 324 1037 1976 XOR
2 1 324 1036 1038 XOR
2 1 1037 1038 1039 AND
2 1 1036 1039 1040 XOR
2 1 69 1040 1041 XOR
2 1 325 1041 1975 XOR
2 1 325 1040 1042 XOR
2 1 1041 1042 1043 AND
2 1 1040 1043 1044 XOR
2 1 70 1044 1045 XOR
2 1 326 1045 1974 XOR
2 1 326 1044 1046 XOR
2 1 1045 1046 1047 AND
2 1 1044 1047 1048 XOR
2 1 71 1048 1049 XOR
2 1 327 1049 1973 XOR
2 1 327 1048 1050 XOR
2 1 1049 1050 1051 AND
2 1 1048 1051 1052 XOR
2 1 72 1052 1053 XOR
2 1 328 1053 1972 XOR
2 1 328 1052 1054 XOR
2 1 1053 1054 1055 AND
2 1 1052 1055 1056 XOR
2 1 73 1056 1057 XOR
2 1 329 1057 1971 XOR
2 1 329 1056 1058 XOR
2 1 1057 1058 1059 AND
2 1 1056 1059 1060 XOR
2 1 74 1060 1061 XOR
2 1 330 1061 1970 XOR
2 1 330 1060 1062 XOR
2 1 1061 1062 1063 AND
2 1 1060 1063 1064 XOR
2 1 75 1064 1065 XOR
2 1 331 1065 1969 XOR
2 1 331 1064 1066 XOR
2 1 1065 1066 1067 AND
2 1 1064 1067 1068 XOR
2 1 76 1068 1069 XOR
2 1 332 1069 1968 XOR
2 1 332 1068 1070 XOR
2 1 1069 1070 1071 AND
2 1 1068 1071 1072 XOR
2 1 77 1072 1073 XOR
2 1 333 1073 1967 XOR
2 1 333 1072 1074 XOR
2 1 1073 1074 1075 AND
2 1 1072 1075 1076 XOR
2 1 78 1076 1077 XOR
2 1 334 1077 1966 XOR
2 1 334 1076 1078 XOR
2 1 1077 1078 1079 AND
2 1 1076 1079 1080 XOR
2 1 79 1080 1081 XOR
2 1 335 1081 1965 XOR
2 1 335 1080 1082 XOR
2 1 1081 1082 1083 AND
2 1 1080 1083 1084 XOR
2 1 80 1084 1085 XOR
2 1 336 1085 1964 XOR
2 1 336 1084 1086 XOR
2 1 1085 1086 1087 AND
2 1 1084 1087 1088 XOR
2 1 81 1088 1089 XOR
2 1 337 1089 1963 XOR
2 1 337 1088 1090 XOR
2 1 1089 1090 1091 AND
2 1 1088 1091 1092 XOR
2 1 82 1092 1093 XOR
2 1 338 1093 1962 XOR
2 1 338 1092 1094 XOR
2 1 1093 1094 1095 AND
2 1 1092 1095 1096 XOR
2 1 83 1096 1097 XOR
2 1 339 1097 1961 XOR
2 1 339 1096 1098 XOR
2 1 1097 1098 1099 AND
2 1 1096 1099 1100 XOR
2 1 84 1100 1101 XOR
2 1 340 1101 1960 XOR
2 1 340 1100 1102 XOR
2 1 1101 1102 1103 AND
2 1 1100 1103 1104 XOR
2 1 85 1104 1105 XOR
2 1 341 1105 1959 XOR
2 1 341 1104 1106 XOR
2 1 1105 1106 1107 AND
2 1 1104 1107 1108 XOR
2 1 86 1108 1109 XOR
2 1 342 1109 1958 XOR
2 1 342 1108 1110 XOR
2 1 1109 1110 1111 AND
2 1 1108 1111 1112 XOR
2 1 87 1112 1113 XOR
2 1 343 1113 1957 XOR
2 1 343 1112 1114 XOR
2 1 1113 1114 1115 AND
2 1 1112 1115 1116 XOR
2 1 88 1116 1117 XOR
2 1 344 1117 1956 XOR
2 1 344 1116 1118 XOR
2 1 1117 1118 1119 AND
2 1 1116 1119 1120 XOR
2 1 89 1120 1121 XOR
2 1 345 1121 1955 XOR
2 1 345 1120 1122 XOR
2 1 1121 1122 1123 AND
2 1 1120 1123 1124 XOR
2 1 90 1124 1125 XOR
2 1 346 1125 1954 XOR
2 1 346 1124 1126 XOR
2 1 1125 1126 1127 AND
2 1 1124 1127 1128 XOR
2 1 91 1128 1129 XOR
2 1 347 1129 1953 XOR
2 1 347 1128 1130 XOR
2 1 1129 1130 1131 AND
2 1 1128 1131 1132 XOR
2 1 92 1132 1133 XOR
2 1 348 1133 1952 XOR
2 1 348 1132 1134 XOR
2 1 1133 1134 1135 AND
2 1 1132 1135 1136 XOR
2 1 93 1136 1137 XOR
2 1 349 1137 1951 XOR
2 1 349 1136 1138 XOR
2 1 1137 1138 1139 AND
2 1 1136 1139 1140 XOR
2 1 94 1140 1141 XOR
2 1 350 1141 1950 XOR
2 1 350 1140 1142 XOR
2 1 1141 1142 1143 AND
2 1 1140 1143 1144 XOR
2 1 95 1144 1145 XOR
2 1 351 1145 1949 XOR
2 1 351 1144 1146 XOR
2 1 1145 1146 1147 AND
2 1 1144 1147 1148 XOR
2 1 96 1148 1149 XOR
2 1 352 1149 1948 XOR
2 1 352 1148 1150 XOR
2 1 1149 1150 1151 AND
2 1 1148 1151 1152 XOR
2 1 97 1152 1153 XOR
2 1 353 1153 1947 XOR
2 1 353 1152 1154 XOR
2 1 1153 1154 1155 AND
2 1 1152 1155 1156 XOR
2 1 98 1156 1157 XOR
2 1 354 1157 1946 XOR
2 1 354 1156 1158 XOR
2 1 1157 1158 1159 AND
2 1 1156 1159 1160 XOR
2 1 99 1160 1161 XOR
2 1 355 1161 1945 XOR
2 1 355 1160 1162 XOR
2 1 1161 1162 1163 AND
2 1 1160 1163 1164 XOR
2 1 100 1164 1165 XOR
2 1 356 1165 1944 XOR
2 1 356 1164 1166 XOR
2 1 1165 1166 1167 AND
2 1 1164 1167 1168 XOR
2 1 101 1168 1169 XOR
2 1 357 1169 1943 XOR
2 1 357 1168 1170 XOR
2 1 1169 1170 1171 AND
2 1 1168 1171 1172 XOR
2 1 102 1172 1173 XOR
2 1 358 1173 1942 XOR
2 1 358 1172 1174 XOR
2 1 1173 1174 1175 AND
2 1 1172 1175 1176 XOR
2 1 103 1176 1177 XOR
2 1 359 1177 1941 XOR
2 1 359 1176 1178 XOR
2 1 1177 1178 1179 AND
2 1 1176 1179 1180 XOR
2 1 104 1180 1181 XOR
2 1 360 1181 1940 XOR
2 1 360 1180 1182 XOR
2 1 1181 1182 1183 AND
2 1 1180 1183 1184 XOR
2 1 105 1184 1185 XOR
2 1 361 1185 1939 XOR
2 1 361 1184 1186 XOR
2 1 1185 1186 1187 AND
2 1 1184 1187 1188 XOR
2 1 106 1188 1189 XOR
2 1 362 1189 1938 XOR
2 1 362 1188 1190 XOR
2 1 1189 1190 1191 AND
2 1 1188 1191 1192 XOR
2 1 107 1192 1193 XOR
2 1 363 1193 1937 XOR
2 1 363 1192 1194 XOR
2 1 1193 1194 1195 AND
2 1 1192 1195 1196 XOR
2 1 108 1196 1197 XOR
2 1 364 1197 1936 XOR
2 1 364 1196 1198 XOR
2 1 1197 1198 1199 AND
2 1 1196 1199 1200 XOR
2 1 109 1200 1201 XOR
2 1 365 1201 1935 XOR
2 1 365 1200 1202 XOR
2 1 1201 1202 1203 AND
2 1 1200 1203 1204 XOR
2 1 110 1204 1205 XOR
2 1 366 1205 1934 XOR
2 1 366 1204 1206 XOR
2 1 1205 1206 1207 AND
2 1 1204 1207 1208 XOR
2 1 111 1208 1209 XOR
2 1 367 1209 1933 XOR
2 1 367 1208 1210 XOR
2 1 1209 1210 1211 AND
2 1 1208 1211 1212 XOR
2 1 112 1212 1213 XOR
2 1 368 1213 1932 XOR
2 1 368 1212 1214 XOR
2 1 1213 1214 1215 AND
2 1 1212 1215 1216 XOR
2 1 113 1216 1217 XOR
2 1 369 1217 1931 XOR
2 1 369 1216 1218 XOR
2 1 1217 1218 1219 AND
2 1 1216 1219 1220 XOR
2 1 114 1220 1221 XOR
2 1 370 1221 1930 XOR
2 1 370 1220 1222 XOR
2 1 1221 1222 1223 AND
2 1 1220 1223 1224 XOR
2 1 115 1224 1225 XOR
2 1 371 1225 1929 XOR
2 1 371 1224 1226 XOR
2 1 1225 1226 1227 AND
2 1 1224 1227 1228 XOR
2 1 116 1228 1229 XOR
2 1 372 1229 1928 XOR
2 1 372 1228 1230 XOR
2 1 1229 1230 1231 AND
2 1 1228 1231 1232 XOR
2 1 117 1232 1233 XOR
2 1 373 1233 1927 XOR
2 1 373 1232 1234 XOR
2 1 1233 1234 1235 AND
2 1 1232 1235 1236 XOR
2 1 118 1236 1237 XOR
2 1 374 1237 1926 XOR
2 1 374 1236 1238 XOR
2 1 1237 1238 1239 AND
2 1 1236 1239 1240 XOR
2 1 119 1240 1241 XOR
2 1 375 1241 1925 XOR
2 1 375 1240 1242 XOR
2 1 1241 1242 1243 AND
2 1 1240 1243 1244 XOR
2 1 120 1244 1245 XOR
2 1 376 1245 1924 XOR
2 1 376 1244 1246 XOR
2 1 1245 1246 1247 AND
2 1 1244 1247 1248 XOR
2 1 121 1248 1249 XOR
2 1 377 1249 1923 XOR
2 1 377 1248 1250 XOR
2 1 1249 1250 1251 AND
2 1 1248 1251 1252 XOR
2 1 122 1252 1253 XOR
2 1 378 1253 1922 XOR
2 1 378 1252 1254 XOR
2 1 1253 1254 1255 AND
2 1 1252 1255 1256 XOR
2 1 123 1256 1257 XOR
2 1 379 1257 1921 XOR
2 1 379 1256 1258 XOR
2 1 1257 1258 1259 AND
2 1 1256 1259 1260 XOR
2 1 124 1260 1261 XOR
2 1 380 1261 1920 XOR
2 1 380 1260 1262 XOR
2 1 1261 1262 1263 AND
2 1 1260 1263 1264 XOR
2 1 125 1264 1265 XOR
2 1 381 1265 1919 XOR
2 1 381 1264 1266 XOR
2 1 1265 1266 1267 AND
2 1 1264 1267 1268 XOR
2 1 126 1268 1269 XOR
2 1 382 1269 1918 XOR
2 1 382 1268 1270 XOR
2 1 1269 1270 1271 AND
2 1 1268 1271 1272 XOR
2 1 127 1272 1273 XOR
2 1 383 1273 1917 XOR
2 1 383 1272 1274 XOR
2 1 1273 1274 1275 AND
2 1 1272 1275 1276 XOR
2 1 128 1276 1277 XOR
2 1 384 1277 1916 XOR
2 1 384 1276 1278 XOR
2 1 1277 1278 1279 AND
2 1 1276 1279 1280 XOR
2 1 129 1280 1281 XOR
2 1 385 1281 1915 XOR
2 1 385 1280 1282 XOR
2 1 1281 1282 1283 AND
2 1 1280 1283 1284 XOR
2 1 130 1284 1285 XOR
2 1 386 1285 1914 XOR
2 1 386 1284 1286 XOR
2 1 1285 1286 1287 AND
2 1 1284 1287 1288 XOR
2 1 131 1288 1289 XOR
2 1 387 1289 1913 XOR
2 1 387 1288 1290 XOR
2 1 1289 1290 1291 AND
2 1 1288 1291 1292 XOR
2 1 132 1292 1293 XOR
2 1 388 1293 1912 XOR
2 1 388 1292 1294 XOR
2 1 1293 1294 1295 AND
2 1 1292 1295 1296 XOR
2 1 133 1296 1297 XOR
2 1 389 1297 1911 XOR
2 1 389 1296 1298 XOR
2 1 1297 1298 1299 AND
2 1 1296 1299 1300 XOR
2 1 134 1300 1301 XOR
2 1 390 1301 1910 XOR
2 1 390 1300 1302 XOR
2 1 1301 1302 1303 AND
2 1 1300 1303 1304 XOR
2 1 135 1304 1305 XOR
2 1 391 1305 1909 XOR
2 1 391 1304 1306 XOR
2 1 1305 1306 1307 AND
2 1 1304 1307 1308 XOR
2 1 136 1308 1309 XOR
2 1 392 1309 1908 XOR
2 1 392 1308 1310 XOR
2 1 1309 1310 1311 AND
2 1 1308 1311 1312 XOR
2 1 137 1312 1313 XOR
2 1 393 1313 1907 XOR
2 1 393 1312 1314 XOR
2 1 1313 1314 1315 AND
2 1 1312 1315 1316 XOR
2 1 138 1316 1317 XOR
2 1 394 1317 1906 XOR
2 1 394 1316 1318 XOR
2 1 1317 1318 1319 AND
2 1 1316 1319 1320 XOR
2 1 139 1320 1321 XOR
2 1 395 1321 1905 XOR
2 1 395 1320 1322 XOR
2 1 1321 1322 1323 AND
2 1 1320 1323 1324 XOR
2 1 140 1324 1325 XOR
2 1 396 1325 1904 XOR
2 1 396 1324 1326 XOR
2 1 1325 1326 1327 AND
2 1 1324 1327 1328 XOR
2 1 141 1328 1329 XOR
2 1 397 1329 1903 XOR
2 1 397 1328 1330 XOR
2 1 1329 1330 1331 AND
2 1 1328 1331 1332 XOR
2 1 142 1332 1333 XOR
2 1 398 1333 1902 XOR
2 1 398 1332 1334 XOR
2 1 1333 1334 1335 AND
2 1 1332 1335 1336 XOR
2 1 143 1336 1337 XOR
2 1 399 1337 1901 XOR
2 1 399 1336 1338 XOR
2 1 1337 1338 1339 AND
2 1 1336 1339 1340 XOR
2 1 144 1340 1341 XOR
2 1 400 1341 1900 XOR
2 1 400 1340 1342 XOR
2 1 1341 1342 1343 AND
2 1 1340 1343 1344 XOR
2 1 145 1344 1345 XOR
2 1 401 1345 1899 XOR
2 1 401 1344 1346 XOR
2 1 1345 1346 1347 AND
2 1 1344 1347 1348 XOR
2 1 146 1348 1349 XOR
2 1 402 1349 1898 XOR
2 1 402 1348 1350 XOR
2 1 1349 1350 1351 AND
2 1 1348 1351 1352 XOR
2 1 147 1352 1353 XOR
2 1 403 1353 1897 XOR
2 1 403 1352 1354 XOR
2 1 1353 1354 1355 AND
2 1 1352 1355 1356 XOR
2 1 148 1356 1357 XOR
2 1 404 1357 1896 XOR
2 1 404 1356 1358 XOR
2 1 1357 1358 1359 AND
2 1 1356 1359 1360 XOR
2 1 149 1360 1361 XOR
2 1 405 1361 1895 XOR
2 1 405 1360 1362 XOR
2 1 1361 1362 1363 AND
2 1 1360 1363 1364 XOR
2 1 150 1364 1365 XOR
2 1 406 1365 1894 XOR
2 1 406 1364 1366 XOR
2 1 1365 1366 1367 AND
2 1 1364 1367 1368 XOR
2 1 151 1368 1369 XOR
2 1 407 1369 1893 XOR
2 1 407 1368 1370 XOR
2 1 1369 1370 1371 AND
2 1 1368 1371 1372 XOR
2 1 152 1372 1373 XOR
2 1 408 1373 1892 XOR
2 1 408 1372 1374 XOR
2 1 1373 1374 1375 AND
2 1 1372 1375 1376 XOR
2 1 153 1376 1377 XOR
2 1 409 1377 1891 XOR
2 1 409 1376 1378 XOR
2 1 1377 1378 1379 AND
2 1 1376 1379 1380 XOR
2 1 154 1380 1381 XOR
2 1 410 1381 1890 XOR
2 1 410 1380 1382 XOR
2 1 1381 1382 1383 AND
2 1 1380 1383 1384 XOR
2 1 155 1384 1385 XOR
2 1 411 1385 1889 XOR
2 1 411 1384 1386 XOR
2 1 1385 1386 1387 AND
2 1 1384 1387 1388 XOR
2 1 156 1388 1389 XOR
2 1 412 1389 1888 XOR
2 1 412 1388 1390 XOR
2 1 1389 1390 1391 AND
2 1 1388 1391 1392 XOR
2 1 157 1392 1393 XOR
2 1 413 1393 1887 XOR
2 1 413 1392 1394 XOR
2 1 1393 1394 1395 AND
2 1 1392 1395 1396 XOR
2 1 158 1396 1397 XOR
2 1 414 1397 1886 XOR
2 1 414 1396 1398 XOR
2 1 1397 1398 1399 AND
2 1 1396 1399 1400 XOR
2 1 159 1400 1401 XOR
2 1 415 1401 1885 XOR
2 1 415 1400 1402 XOR
2 1 1401 1402 1403 AND
2 1 1400 1403 1404 XOR
2 1 160 1404 1405 XOR
2 1 416 1405 1884 XOR
2 1 416 1404 1406 XOR
2 1 1405 1406 1407 AND
2 1 1404 1407 1408 XOR
2 1 161 1408 1409 XOR
2 1 417 1409 1883 XOR
2 1 417 1408 1410 XOR
2 1 1409 1410 1411 AND
2 1 1408 1411 1412 XOR
2 1 162 1412 1413 XOR
2 1 418 1413 1882 XOR
2 1 418 1412 1414 XOR
2 1 1413 1414 1415 AND
2 1 1412 1415 1416 XOR
2 1 163 1416 1417 XOR
2 1 419 1417 1881 XOR
2 1 419 1416 1418 XOR
2 1 1417 1418 1419 AND
2 1 1416 1419 1420 XOR
2 1 164 1420 1421 XOR
2 1 420 1421 1880 XOR
2 1 420 1420 1422 XOR
2 1 1421 1422 1423 AND
2 1 1420 1423 1424 XOR
2 1 165 1424 1425 XOR
2 1 421 1425 1879 XOR
2 1 421 1424 1426 XOR
2 1 1425 1426 1427 AND
2 1 1424 1427 1428 XOR
2 1 166 1428 1429 XOR
2 1 422 1429 1878 XOR
2 1 422 1428 1430 XOR
2 1 1429 1430 1431 AND
2 1 1428 1431 1432 XOR
2 1 167 1432 1433 XOR
2 1 423 1433 1877 XOR
2 1 423 1432 1434 XOR
2 1 1433 1434 1435 AND
2 1 1432 1435 1436 XOR
2 1 168 1436 1437 XOR
2 1 424 1437 1876 XOR
2 1 424 1436 1438 XOR
2 1 1437 1438 1439 AND
2 1 1436 1439 1440 XOR
2 1 169 1440 1441 XOR
2 1 425 1441 1875 XOR
2 1 425 1440 1442 XOR
2 1 1441 1442 1443 AND
2 1 1440 1443 1444 XOR
2 1 170 1444 1445 XOR
2 1 426 1445 1874 XOR
2 1 426 1444 1446 XOR
2 1 1445 1446 1447 AND
2 1 1444 1447 1448 XOR
2 1 171 1448 1449 XOR
2 1 427 1449 1873 XOR
2 1 427 1448 1450 XOR
2 1 1449 1450 1451 AND
2 1 1448 1451 1452 XOR
2 1 172 1452 1453 XOR
2 1 428 1453 1872 XOR
2 1 428 1452 1454 XOR
2 1 1453 1454 1455 AND
2 1 1452 1455 1456 XOR
2 1 173 1456 1457 XOR
2 1 429 1457 1871 XOR
2 1 429 1456 1458 XOR
2 1 1457 1458 1459 AND
2 1 1456 1459 1460 XOR
2 1 174 1460 1461 XOR
2 1 430 1461 1870 XOR
2 1 430 1460 1462 XOR
2 1 1461 1462 1463 AND
2 1 1460 1463 1464 XOR
2 1 175 1464 1465 XOR
2 1 431 1465 1869 XOR
2 1 431 1464 1466 XOR
2 1 1465 1466 1467 AND
2 1 1464 1467 1468 XOR
2 1 176 1468 1469 XOR
2 1 432 1469 1868 XOR
2 1 432 1468 1470 XOR
2 1 1469 1470 1471 AND
2 1 1468 1471 1472 XOR
2 1 177 1472 1473 XOR
2 1 433 1473 1867 XOR
2 1 433 1472 1474 XOR
2 1 1473 1474 1475 AND
2 1 1472 1475 1476 XOR
2 1 178 1476 1477 XOR
2 1 434 1477 1866 XOR
2 1 434 1476 1478 XOR
2 1 1477 1478 1479 AND
2 1 1476 1479 1480 XOR
2 1 179 1480 1481 XOR
2 1 435 1481 1865 XOR
2 1 435 1480 1482 XOR
2 1 1481 1482 1483 AND
2 1 1480 1483 1484 XOR
2 1 180 1484 1485 XOR
2 1 436 1485 1864 XOR
2 1 436 1484 1486 XOR
2 1 1485 1486 1487 AND
2 1 1484 1487 1488 XOR
2 1 181 1488 1489 XOR
2 1 437 1489 1863 XOR
2 1 437 1488 1490 XOR
2 1 1489 1490 1491 AND
2 1 1488 1491 1492 XOR
2 1 182 1492 1493 XOR
2 1 438 1493 1862 XOR
2 1 438 1492 1494 XOR
2 1 1493 1494 1495 AND
2 1 1492 1495 1496 XOR
2 1 183 1496 1497 XOR
2 1 439 1497 1861 XOR
2 1 439 1496 1498 XOR
2 1 1497 1498 1499 AND
2 1 1496 1499 1500 XOR
2 1 184 1500 1501 XOR
2 1 440 1501 1860 XOR
2 1 440 1500 1502 XOR
2 1 1501 1502 1503 AND
2 1 1500 1503 1504 XOR
2 1 185 1504 1505 XOR
2 1 441 1505 1859 XOR
2 1 441 1504 1506 XOR
2 1 1505 1506 1507 AND
2 1 1504 1507 1508 XOR
2 1 186 1508 1509 XOR
2 1 442 1509 1858 XOR
2 1 442 1508 1510 XOR
2 1 1509 1510 1511 AND
2 1 1508 1511 1512 XOR
2 1 187 1512 1513 XOR
2 1 443 1513 1857 XOR
2 1 443 1512 1514 XOR
2 1 1513 1514 1515 AND
2 1 1512 1515 1516 XOR
2 1 188 1516 1517 XOR
2 1 444 1517 1856 XOR
2 1 444 1516 1518 XOR
2 1 1517 1518 1519 AND
2 1 1516 1519 1520 XOR
2 1 189 1520 1521 XOR
2 1 445 1521 1855 XOR
2 1 445 1520 1522 XOR
2 1 1521 1522 1523 AND
2 1 1520 1523 1524 XOR
2 1 190 1524 1525 XOR
2 1 446 1525 1854 XOR
2 1 446 1524 1526 XOR
2 1 1525 1526 1527 AND
2 1 1524 1527 1528 XOR
2 1 191 1528 1529 XOR
2 1 447 1529 1853 XOR
2 1 447 1528 1530 XOR
2 1 1529 1530 1531 AND
2 1 1528 1531 1532 XOR
2 1 192 1532 1533 XOR
2 1 448 1533 1852 XOR
2 1 448 1532 1534 XOR
2 1 1533 1534 1535 AND
2 1 1532 1535 1536 XOR
2 1 193 1536 1537 XOR
2 1 449 1537 1851 XOR
2 1 449 1536 1538 XOR
2 1 1537 1538 1539 AND
2 1 1536 1539 1540 XOR
2 1 194 1540 1541 XOR
2 1 450 1541 1850 XOR
2 1 450 1540 1542 XOR
2 1 1541 1542 1543 AND
2 1 1540 1543 1544 XOR
2 1 195 1544 1545 XOR
2 1 451 1545 1849 XOR
2 1 451 1544 1546 XOR
2 1 1545 1546 1547 AND
2 1 1544 1547 1548 XOR
2 1 196 1548 1549 XOR
2 1 452 1549 1848 XOR
2 1 452 1548 1550 XOR
2 1 1549 1550 1551 AND
2 1 1548 1551 1552 XOR
2 1 197 1552 1553 XOR
2 1 453 1553 1847 XOR
2 1 453 1552 1554 XOR
2 1 1553 1554 1555 AND
2 1 1552 1555 1556 XOR
2 1 198 1556 1557 XOR
2 1 454 1557 1846 XOR
2 1 454 1556 1558 XOR
2 1 1557 1558 1559 AND
2 1 1556 1559 1560 XOR
2 1 199 1560 1561 XOR
2 1 455 1561 1845 XOR
2 1 455 1560 1562 XOR
2 1 1561 1562 1563 AND
2 1 1560 1563 1564 XOR
2 1 200 1564 1565 XOR
2 1 456 1565 1844 XOR
2 1 456 1564 1566 XOR
2 1 1565 1566 1567 AND
2 1 1564 1567 1568 XOR
2 1 201 1568 1569 XOR
2 1 457 1569 1843 XOR
2 1 457 1568 1570 XOR
2 1 1569 1570 1571 AND
2 1 1568 1571 1572 XOR
2 1 202 1572 1573 XOR
2 1 458 1573 1842 XOR
2 1 458 1572 1574 XOR
2 1 1573 1574 1575 AND
2 1 1572 1575 1576 XOR
2 1 203 1576 1577 XOR
2 1 459 1577 1841 XOR
2 1 459 1576 1578 XOR
2 1 1577 1578 1579 AND
2 1 1576 1579 1580 XOR
2 1 204 1580 1581 XOR
2 1 460 1581 1840 XOR
2 1 460 1580 1582 XOR
2 1 1581 1582 1583 AND
2 1 1580 1583 1584 XOR
2 1 205 1584 1585 XOR
2 1 461 1585 1839 XOR
2 1 461 1584 1586 XOR
2 1 1585 1586 1587 AND
2 1 1584 1587 1588 XOR
2 1 206 1588 1589 XOR
2 1 462 1589 1838 XOR
2 1 462 1588 1590 XOR
2 1 1589 1590 1591 AND
2 1 1588 1591 1592 XOR
2 1 207 1592 1593 XOR
2 1 463 1593 1837 XOR
2 1 463 1592 1594 XOR
2 1 1593 1594 1595 AND
2 1 1592 1595 1596 XOR
2 1 208 1596 1597 XOR
2 1 464 1597 1836 XOR
2 1 464 1596 1598 XOR
2 1 1597 1598 1599 AND
2 1 1596 1599 1600 XOR
2 1 209 1600 1601 XOR
2 1 465 1601 1835 XOR
2 1 465 1600 1602 XOR
2 1 1601 1602 1603 AND
2 1 1600 1603 1604 XOR
2 1 210 1604 1605 XOR
2 1 466 1605 1834 XOR
2 1 466 1604 1606 XOR
2 1 1605 1606 1607 AND
2 1 1604 1607 1608 XOR
2 1 211 1608 1609 XOR
2 1 467 1609 1833 XOR
2 1 467 1608 1610 XOR
2 1 1609 1610 1611 AND
2 1 1608 1611 1612 XOR
2 1 212 1612 1613 XOR
2 1 468 1613 1832 XOR
2 1 468 1612 1614 XOR
2 1 1613 1614 1615 AND
2 1 1612 1615 1616 XOR
2 1 213 1616 1617 XOR
2 1 469 1617 1831 XOR
2 1 469 1616 1618 XOR
2 1 1617 1618 1619 AND
2 1 1616 1619 1620 XOR
2 1 214 1620 1621 XOR
2 1 470 1621 1830 XOR
2 1 470 1620 1622 XOR
2 1 1621 1622 1623 AND
2 1 1620 1623 1624 XOR
2 1 215 1624 1625 XOR
2 1 471 1625 1829 XOR
2 1 471 1624 1626 XOR
2 1 1625 1626 1627 AND
2 1 1624 1627 1628 XOR
2 1 216 1628 1629 XOR
2 1 472 1629 1828 XOR
2 1 472 1628 1630 XOR
2 1 1629 1630 1631 AND
2 1 1628 1631 1632 XOR
2 1 217 1632 1633 XOR
2 1 473 1633 1827 XOR
2 1 473 1632 1634 XOR
2 1 1633 1634 1635 AND
2 1 1632 1635 1636 XOR
2 1 218 1636 1637 XOR
2 1 474 1637 1826 XOR
2 1 474 1636 1638 XOR
2 1 1637 1638 1639 AND
2 1 1636 1639 1640 XOR
2 1 219 1640 1641 XOR
2 1 475 1641 1825 XOR
2 1 475 1640 1642 XOR
2 1 1641 1642 1643 AND
2 1 1640 1643 1644 XOR
2 1 220 1644 1645 XOR
2 1 476 1645 1824 XOR
2 1 476 1644 1646 XOR
2 1 1645 1646 1647 AND
2 1 1644 1647 1648 XOR
2 1 221 1648 1649 XOR
2 1 477 1649 1823 XOR
2 1 477 1648 1650 XOR
2 1 1649 1650 1651 AND
2 1 1648 1651 1652 XOR
2 1 222 1652 1653 XOR
2 1 478 1653 1822 XOR
2 1 478 1652 1654 XOR
2 1 1653 1654 1655 AND
2 1 1652 1655 1656 XOR
2 1 223 1656 1657 XOR
2 1 479 1657 1821 XOR
2 1 479 1656 1658 XOR
2 1 1657 1658 1659 AND
2 1 1656 1659 1660 XOR
2 1 224 1660 1661 XOR
2 1 480 1661 1820 XOR
2 1 480 1660 1662 XOR
2 1 1661 1662 1663 AND
2 1 1660 1663 1664 XOR
2 1 225 1664 1665 XOR
2 1 481 1665 1819 XOR
2 1 481 1664 1666 XOR
2 1 1665 1666 1667 AND
2 1 1664 1667 1668 XOR
2 1 226 1668 1669 XOR
2 1 482 1669 1818 XOR
2 1 482 1668 1670 XOR
2 1 1669 1670 1671 AND
2 1 1668 1671 1672 XOR
2 1 227 1672 1673 XOR
2 1 483 1673 1817 XOR
2 1 483 1672 1674 XOR
2 1 1673 1674 1675 AND
2 1 1672 1675 1676 XOR
2 1 228 1676 1677 XOR
2 1 484 1677 1816 XOR
2 1 484 1676 1678 XOR
2 1 1677 1678 1679 AND
2 1 1676 1679 1680 XOR
2 1 229 1680 1681 XOR
2 1 485 1681 1815 XOR
2 1 485 1680 1682 XOR
2 1 1681 1682 1683 AND
2 1 1680 1683 1684 XOR
2 1 230 1684 1685 XOR
2 1 486 1685 1814 XOR
2 1 486 1684 1686 XOR
2 1 1685 1686 1687 AND
2 1 1684 1687 1688 XOR
2 1 231 1688 1689 XOR
2 1 487 1689 1813 XOR
2 1 487 1688 1690 XOR
2 1 1689 1690 1691 AND
2 1 1688 1691 1692 XOR
2 1 232 1692 1693 XOR
2 1 488 1693 1812 XOR
2 1 488 1692 1694 XOR
2 1 1693 1694 1695 AND
2 1 1692 1695 1696 XOR
2 1 233 1696 1697 XOR
2 1 489 1697 1811 XOR
2 1 489 1696 1698 XOR
2 1 1697 1698 1699 AND
2 1 1696 1699 1700 XOR
2 1 234 1700 1701 XOR
2 1 490 1701 1810 XOR
2 1 490 1700 1702 XOR
2 1 1701 1702 1703 AND
2 1 1700 1703 1704 XOR
2 1 235 1704 1705 XOR
2 1 491 1705 1809 XOR
2 1 491 1704 1706 XOR
2 1 1705 1706 1707 AND
2 1 1704 1707 1708 XOR
2 1 236 1708 1709 XOR
2 1 492 1709 1808 XOR
2 1 492 1708 1710 XOR
2 1 1709 1710 1711 AND
2 1 1708 1711 1712 XOR
2 1 237 1712 1713 XOR
2 1 493 1713 1807 XOR
2 1 493 1712 1714 XOR
2 1 1713 1714 1715 AND
2 1 1712 1715 1716 XOR
2 1 238 1716 1717 XOR
2 1 494 1717 1806 XOR
2 1 494 1716 1718 XOR
2 1 1717 1718 1719 AND
2 1 1716 1719 1720 XOR
2 1 239 1720 1721 XOR
2 1 495 1721 1805 XOR
2 1 495 1720 1722 XOR
2 1 1721 1722 1723 AND
2 1 1720 1723 1724 XOR
2 1 240 1724 1725 XOR
2 1 496 1725 1804 XOR
2 1 496 1724 1726 XOR
2 1 1725 1726 1727 AND
2 1 1724 1727 1728 XOR
2 1 241 1728 1729 XOR
2 1 497 1729 1803 XOR
2 1 497 1728 1730 XOR
2 1 1729 1730 1731 AND
2 1 1728 1731 1732 XOR
2 1 242 1732 1733 XOR
2 1 498 1733 1802 XOR
2 1 498 1732 1734 XOR
2 1 1733 1734 1735 AND
2 1 1732 1735 1736 XOR
2 1 243 1736 1737 XOR
2 1 499 1737 1801 XOR
2 1 499 1736 1738 XOR
2 1 1737 1738 1739 AND
2 1 1736 1739 1740 XOR
2 1 244 1740 1741 XOR
2 1 500 1741 1800 XOR
2 1 500 1740 1742 XOR
2 1 1741 1742 1743 AND
2 1 1740 1743 1744 XOR
2 1 245 1744 1745 XOR
2 1 501 1745 1799 XOR
2 1 501 1744 1746 XOR
2 1 1745 1746 1747 AND
2 1 1744 1747 1748 XOR
2 1 246 1748 1749 XOR
2 1 502 1749 1798 XOR
2 1 502 1748 1750 XOR
2 1 1749 1750 1751 AND
2 1 1748 1751 1752 XOR
2 1 247 1752 1753 XOR
2 1 503 1753 1797 XOR
2 1 503 1752 1754 XOR
2 1 1753 1754 1755 AND
2 1 1752 1755 1756 XOR
2 1 248 1756 1757 XOR
2 1 504 1757 1796 XOR
2 1 504 1756 1758 XOR
2 1 1757 1758 1759 AND
2 1 1756 1759 1760 XOR
2 1 249 1760 1761 XOR
2 1 505 1761 1795 XOR
2 1 505 1760 1762 XOR
2 1 1761 1762 1763 AND
2 1 1760 1763 1764 XOR
2 1 250 1764 1765 XOR
2 1 506 1765 1794 XOR
2 1 506 1764 1766 XOR
2 1 1765 1766 1767 AND
2 1 1764 1767 1768 XOR
2 1 251 1768 1769 XOR
2 1 507 1769 1793 XOR
2 1 507 1768 1770 XOR
2 1 1769 1770 1771 AND
2 1 1768 1771 1772 XOR
2 1 252 1772 1773 XOR
2 1 508 1773 1792 XOR
2 1 508 1772 1774 XOR
2 1 1773 1774 1775 AND
2 1 1772 1775 1776 XOR
2 1 253 1776 1777 XOR
2 1 509 1777 1791 XOR
2 1 509 1776 1778 XOR
2 1 1777 1778 1779 AND
2 1 1776 1779 1780 XOR
2 1 254 1780 1781 XOR
2 1 510 1781 1790 XOR
2 1 510 1780 1782 XOR
2 1 1781 1782 1783 AND
2 1 1780 1783 1784 XOR
2 1 255 1784 1785 XOR
2 1 511 1785 1789 XOR
2 1 511 1784 1786 XOR
2 1 1785 1786 1787 AND
2 1 1784 1787 1788 XOR
2 1 2044 2044 2045 XOR
1 1 2045 2046 INV
2 1 2044 2046 3323 XOR
2 1 2044 2046 2047 AND
2 1 2043 2047 2048 XOR
2 1 2045 2048 3322 XOR
2 1 2045 2047 2049 XOR
2 1 2048 2049 2050 AND
2 1 2047 2050 2051 XOR
2 1 2042 2051 2052 XOR
2 1 2045 2052 3321 XOR
2 1 2045 2051 2053 XOR
2 1 2052 2053 2054 AND
2 1 2051 2054 2055 XOR
2 1 2041 2055 2056 XOR
2 1 2045 2056 3320 XOR
2 1 2045 2055 2057 XOR
2 1 2056 2057 2058 AND
2 1 2055 2058 2059 XOR
2 1 2040 2059 2060 XOR
2 1 2045 2060 3319 XOR
2 1 2045 2059 2061 XOR
2 1 2060 2061 2062 AND
2 1 2059 2062 2063 XOR
2 1 2039 2063 2064 XOR
2 1 2045 2064 3318 XOR
2 1 2045 2063 2065 XOR
2 1 2064 2065 2066 AND
2 1 2063 2066 2067 XOR
2 1 2038 2067 2068 XOR
2 1 2045 2068 3317 XOR
2 1 2045 2067 2069 XOR
2 1 2068 2069 2070 AND
2 1 2067 2070 2071 XOR
2 1 2037 2071 2072 XOR
2 1 2045 2072 3316 XOR
2 1 2045 2071 2073 XOR
2 1 2072 2073 2074 AND
2 1 2071 2074 2075 XOR
2 1 2036 2075 2076 XOR
2 1 2045 2076 3315 XOR
2 1 2045 2075 2077 XOR
2 1 2076 2077 2078 AND
2 1 2075 2078 2079 XOR
2 1 2035 2079 2080 XOR
2 1 2045 2080 3314 XOR
2 1 2045 2079 2081 XOR
2 1 2080 2081 2082 AND
2 1 2079 2082 2083 XOR
2 1 2034 2083 2084 XOR
2 1 2045 2084 3313 XOR
2 1 2045 2083 2085 XOR
2 1 2084 2085 2086 AND
2 1 2083 2086 2087 XOR
2 1 2033 2087 2088 XOR
2 1 2045 2088 3312 XOR
2 1 2045 2087 2089 XOR
2 1 2088 2089 2090 AND
2 1 2087 2090 2091 XOR
2 1 2032 2091 2092 XOR
2 1 2045 2092 3311 XOR
2 1 2045 2091 2093 XOR
2 1 2092 2093 2094 AND
2 1 2091 2094 2095 XOR
2 1 2031 2095 2096 XOR
2 1 2045 2096 3310 XOR
2 1 2045 2095 2097 XOR
2 1 2096 2097 2098 AND
2 1 2095 2098 2099 XOR
2 1 2030 2099 2100 XOR
2 1 2045 2100 3309 XOR
2 1 2045 2099 2101 XOR
2 1 2100 2101 2102 AND
2 1 2099 2102 2103 XOR
2 1 2029 2103 2104 XOR
2 1 2045 2104 3308 XOR
2 1 2045 2103 2105 XOR
2 1 2104 2105 2106 AND
2 1 2103 2106 2107 XOR
2 1 2028 2107 2108 XOR
2 1 2045 2108 3307 XOR
2 1 2045 2107 2109 XOR
2 1 2108 2109 2110 AND
2 1 2107 2110 2111 XOR
2 1 2027 2111 2112 XOR
2 1 2045 2112 3306 XOR
2 1 2045 2111 2113 XOR
2 1 2112 2113 2114 AND
2 1 2111 2114 2115 XOR
2 1 2026 2115 2116 XOR
2 1 2045 2116 3305 XOR
2 1 2045 2115 2117 XOR
2 1 2116 2117 2118 AND
2 1 2115 2118 2119 XOR
2 1 2025 2119 2120 XOR
2 1 2045 2120 3304 XOR
2 1 2045 2119 2121 XOR
2 1 2120 2121 2122 AND
2 1 2119 2122 2123 XOR
2 1 2024 2123 2124 XOR
2 1 2045 2124 3303 XOR
2 1 2045 2123 2125 XOR
2 1 2124 2125 2126 AND
2 1 2123 2126 2127 XOR
2 1 2023 2127 2128 XOR
2 1 2045 2128 3302 XOR
2 1 2045 2127 2129 XOR
2 1 2128 2129 2130 AND
2 1 2127 2130 2131 XOR
2 1 2022 2131 2132 XOR
2 1 2045 2132 3301 XOR
2 1 2045 2131 2133 XOR
2 1 2132 2133 2134 AND
2 1 2131 2134 2135 XOR
2 1 2021 2135 2136 XOR
2 1 2045 2136 3300 XOR
2 1 2045 2135 2137 XOR
2 1 2136 2137 2138 AND
2 1 2135 2138 2139 XOR
2 1 2020 2139 2140 XOR
2 1 2045 2140 3299 XOR
2 1 2045 2139 2141 XOR
2 1 2140 2141 2142 AND
2 1 2139 2142 2143 XOR
2 1 2019 2143 2144 XOR
2 1 2045 2144 3298 XOR
2 1 2045 2143 2145 XOR
2 1 2144 2145 2146 AND
2 1 2143 2146 2147 XOR
2 1 2018 2147 2148 XOR
2 1 2045 2148 3297 XOR
2 1 2045 2147 2149 XOR
2 1 2148 2149 2150 AND
2 1 2147 2150 2151 XOR
2 1 2017 2151 2152 XOR
2 1 2045 2152 3296 XOR
2 1 2045 2151 2153 XOR
2 1 2152 2153 2154 AND
2 1 2151 2154 2155 XOR
2 1 2016 2155 2156 XOR
2 1 2045 2156 3295 XOR
2 1 2045 2155 2157 XOR
2 1 2156 2157 2158 AND
2 1 2155 2158 2159 XOR
2 1 2015 2159 2160 XOR
2 1 2045 2160 3294 XOR
2 1 2045 2159 2161 XOR
2 1 2160 2161 2162 AND
2 1 2159 2162 2163 XOR
2 1 2014 2163 2164 XOR
2 1 2045 2164 3293 XOR
2 1 2045 2163 2165 XOR
2 1 2164 2165 2166 AND
2 1 2163 2166 2167 XOR
2 1 2013 2167 2168 XOR
2 1 2045 2168 3292 XOR
2 1 2045 2167 2169 XOR
2 1 2168 2169 2170 AND
2 1 2167 2170 2171 XOR
2 1 2012 2171 2172 XOR
2 1 2045 2172 3291 XOR
2 1 2045 2171 2173 XOR
2 1 2172 2173 2174 AND
2 1 2171 2174 2175 XOR
2 1 2011 2175 2176 XOR
2 1 2045 2176 3290 XOR
2 1 2045 2175 2177 XOR
2 1 2176 2177 2178 AND
2 1 2175 2178 2179 XOR
2 1 2010 2179 2180 XOR
2 1 2045 2180 3289 XOR
2 1 2045 2179 2181 XOR
2 1 2180 2181 2182 AND
2 1 2179 2182 2183 XOR
2 1 2009 2183 2184 XOR
2 1 2045 2184 3288 XOR
2 1 2045 2183 2185 XOR
2 1 2184 2185 2186 AND
2 1 2183 2186 2187 XOR
2 1 2008 2187 2188 XOR
2 1 2045 2188 3287 XOR
2 1 2045 2187 2189 XOR
2 1 2188 2189 2190 AND
2 1 2187 2190 2191 XOR
2 1 2007 2191 2192 XOR
2 1 2045 2192 3286 XOR
2 1 2045 2191 2193 XOR
2 1 2192 2193 2194 AND
2 1 2191 2194 2195 XOR
2 1 2006 2195 2196 XOR
2 1 2045 2196 3285 XOR
2 1 2045 2195 2197 XOR
2 1 2196 2197 2198 AND
2 1 2195 2198 2199 XOR
2 1 2005 2199 2200 XOR
2 1 2045 2200 3284 XOR
2 1 2045 2199 2201 XOR
2 1 2200 2201 2202 AND
2 1 2199 2202 2203 XOR
2 1 2004 2203 2204 XOR
2 1 2045 2204 3283 XOR
2 1 2045 2203 2205 XOR
2 1 2204 2205 2206 AND
2 1 2203 2206 2207 XOR
2 1 2003 2207 2208 XOR
2 1 2045 2208 3282 XOR
2 1 2045 2207 2209 XOR
2 1 2208 2209 2210 AND
2 1 2207 2210 2211 XOR
2 1 2002 2211 2212 XOR
2 1 2045 2212 3281 XOR
2 1 2045 2211 2213 XOR
2 1 2212 2213 2214 AND
2 1 2211 2214 2215 XOR
2 1 2001 2215 2216 XOR
2 1 2045 2216 3280 XOR
2 1 2045 2215 2217 XOR
2 1 2216 2217 2218 AND
2 1 2215 2218 2219 XOR
2 1 2000 2219 2220 XOR
2 1 2045 2220 3279 XOR
2 1 2045 2219 2221 XOR
2 1 2220 2221 2222 AND
2 1 2219 2222 2223 XOR
2 1 1999 2223 2224 XOR
2 1 2045 2224 3278 XOR
2 1 2045 2223 2225 XOR
2 1 2224 2225 2226 AND
2 1 2223 2226 2227 XOR
2 1 1998 2227 2228 XOR
2 1 2045 2228 3277 XOR
2 1 2045 2227 2229 XOR
2 1 2228 2229 2230 AND
2 1 2227 2230 2231 XOR
2 1 1997 2231 2232 XOR
2 1 2045 2232 3276 XOR
2 1 2045 2231 2233 XOR
2 1 2232 2233 2234 AND
2 1 2231 2234 2235 XOR
2 1 1996 2235 2236 XOR
2 1 2045 2236 3275 XOR
2 1 2045 2235 2237 XOR
2 1 2236 2237 2238 AND
2 1 2235 2238 2239 XOR
2 1 1995 2239 2240 XOR
2 1 2045 2240 3274 XOR
2 1 2045 2239 2241 XOR
2 1 2240 2241 2242 AND
2 1 2239 2242 2243 XOR
2 1 1994 2243 2244 XOR
2 1 2045 2244 3273 XOR
2 1 2045 2243 2245 XOR
2 1 2244 2245 2246 AND
2 1 2243 2246 2247 XOR
2 1 1993 2247 2248 XOR
2 1 2045 2248 3272 XOR
2 1 2045 2247 2249 XOR
2 1 2248 2249 2250 AND
2 1 2247 2250 2251 XOR
2 1 1992 2251 2252 XOR
2 1 2045 2252 3271 XOR
2 1 2045 2251 2253 XOR
2 1 2252 2253 2254 AND
2 1 2251 2254 2255 XOR
2 1 1991 2255 2256 XOR
2 1 2045 2256 3270 XOR
2 1 2045 2255 2257 XOR
2 1 2256 2257 2258 AND
2 1 2255 2258 2259 XOR
2 1 1990 2259 2260 XOR
2 1 2045 2260 3269 XOR
2 1 2045 2259 2261 XOR
2 1 2260 2261 2262 AND
2 1 2259 2262 2263 XOR
2 1 1989 2263 2264 XOR
2 1 2045 2264 3268 XOR
2 1 2045 2263 2265 XOR
2 1 2264 2265 2266 AND
2 1 2263 2266 2267 XOR
2 1 1988 2267 2268 XOR
2 1 2045 2268 3267 XOR
2 1 2045 2267 2269 XOR
2 1 2268 2269 2270 AND
2 1 2267 2270 2271 XOR
2 1 1987 2271 2272 XOR
2 1 2045 2272 3266 XOR
2 1 2045 2271 2273 XOR
2 1 2272 2273 2274 AND
2 1 2271 2274 2275 XOR
2 1 1986 2275 2276 XOR
2 1 2045 2276 3265 XOR
2 1 2045 2275 2277 XOR
2 1 2276 2277 2278 AND
2 1 2275 2278 2279 XOR
2 1 1985 2279 2280 XOR
2 1 2045 2280 3264 XOR
2 1 2045 2279 2281 XOR
2 1 2280 2281 2282 AND
2 1 2279 2282 2283 XOR
2 1 1984 2283 2284 XOR
2 1 2045 2284 3263 XOR
2 1 2045 2283 2285 XOR
2 1 2284 2285 2286 AND
2 1 2283 2286 2287 XOR
2 1 1983 2287 2288 XOR
2 1 2045 2288 3262 XOR
2 1 2045 2287 2289 XOR
2 1 2288 2289 2290 AND
2 1 2287 2290 2291 XOR
2 1 1982 2291 2292 XOR
2 1 2045 2292 3261 XOR
2 1 2045 2291 2293 XOR
2 1 2292 2293 2294 AND
2 1 2291 2294 2295 XOR
2 1 1981 2295 2296 XOR
2 1 2045 2296 3260 XOR
2 1 2045 2295 2297 XOR
2 1 2296 2297 2298 AND
2 1 2295 2298 2299 XOR
2 1 1980 2299 2300 XOR
2 1 2045 2300 3259 XOR
2 1 2045 2299 2301 XOR
2 1 2300 2301 2302 AND
2 1 2299 2302 2303 XOR
2 1 1979 2303 2304 XOR
2 1 2045 2304 3258 XOR
2 1 2045 2303 2305 XOR
2 1 2304 2305 2306 AND
2 1 2303 2306 2307 XOR
2 1 1978 2307 2308 XOR
2 1 2045 2308 3257 XOR
2 1 2045 2307 2309 XOR
2 1 2308 2309 2310 AND
2 1 2307 2310 2311 XOR
2 1 1977 2311 2312 XOR
2 1 2045 2312 3256 XOR
2 1 2045 2311 2313 XOR
2 1 2312 2313 2314 AND
2 1 2311 2314 2315 XOR
2 1 1976 2315 2316 XOR
2 1 2045 2316 3255 XOR
2 1 2045 2315 2317 XOR
2 1 2316 2317 2318 AND
2 1 2315 2318 2319 XOR
2 1 1975 2319 2320 XOR
2 1 2045 2320 3254 XOR
2 1 2045 2319 2321 XOR
2 1 2320 2321 2322 AND
2 1 2319 2322 2323 XOR
2 1 1974 2323 2324 XOR
2 1 2045 2324 3253 XOR
2 1 2045 2323 2325 XOR
2 1 2324 2325 2326 AND
2 1 2323 2326 2327 XOR
2 1 1973 2327 2328 XOR
2 1 2045 2328 3252 XOR
2 1 2045 2327 2329 XOR
2 1 2328 2329 2330 AND
2 1 2327 2330 2331 XOR
2 1 1972 2331 2332 XOR
2 1 2045 2332 3251 XOR
2 1 2045 2331 2333 XOR
2 1 2332 2333 2334 AND
2 1 2331 2334 2335 XOR
2 1 1971 2335 2336 XOR
2 1 2045 2336 3250 XOR
2 1 2045 2335 2337 XOR
2 1 2336 2337 2338 AND
2 1 2335 2338 2339 XOR
2 1 1970 2339 2340 XOR
2 1 2045 2340 3249 XOR
2 1 2045 2339 2341 XOR
2 1 2340 2341 2342 AND
2 1 2339 2342 2343 XOR
2 1 1969 2343 2344 XOR
2 1 2045 2344 3248 XOR
2 1 2045 2343 2345 XOR
2 1 2344 2345 2346 AND
2 1 2343 2346 2347 XOR
2 1 1968 2347 2348 XOR
2 1 2045 2348 3247 XOR
2 1 2045 2347 2349 XOR
2 1 2348 2349 2350 AND
2 1 2347 2350 2351 XOR
2 1 1967 2351 2352 XOR
2 1 2045 2352 3246 XOR
2 1 2045 2351 2353 XOR
2 1 2352 2353 2354 AND
2 1 2351 2354 2355 XOR
2 1 1966 2355 2356 XOR
2 1 2045 2356 3245 XOR
2 1 2045 2355 2357 XOR
2 1 2356 2357 2358 AND
2 1 2355 2358 2359 XOR
2 1 1965 2359 2360 XOR
2 1 2045 2360 3244 XOR
2 1 2045 2359 2361 XOR
2 1 2360 2361 2362 AND
2 1 2359 2362 2363 XOR
2 1 1964 2363 2364 XOR
2 1 2045 2364 3243 XOR
2 1 2045 2363 2365 XOR
2 1 2364 2365 2366 AND
2 1 2363 2366 2367 XOR
2 1 1963 2367 2368 XOR
2 1 2045 2368 3242 XOR
2 1 2045 2367 2369 XOR
2 1 2368 2369 2370 AND
2 1 2367 2370 2371 XOR
2 1 1962 2371 2372 XOR
2 1 2045 2372 3241 XOR
2 1 2045 2371 2373 XOR
2 1 2372 2373 2374 AND
2 1 2371 2374 2375 XOR
2 1 1961 2375 2376 XOR
2 1 2045 2376 3240 XOR
2 1 2045 2375 2377 XOR
2 1 2376 2377 2378 AND
2 1 2375 2378 2379 XOR
2 1 1960 2379 2380 XOR
2 1 2045 2380 3239 XOR
2 1 2045 2379 2381 XOR
2 1 2380 2381 2382 AND
2 1 2379 2382 2383 XOR
2 1 1959 2383 2384 XOR
2 1 2045 2384 3238 XOR
2 1 2045 2383 2385 XOR
2 1 2384 2385 2386 AND
2 1 2383 2386 2387 XOR
2 1 1958 2387 2388 XOR
2 1 2045 2388 3237 XOR
2 1 2045 2387 2389 XOR
2 1 2388 2389 2390 AND
2 1 2387 2390 2391 XOR
2 1 1957 2391 2392 XOR
2 1 2045 2392 3236 XOR
2 1 2045 2391 2393 XOR
2 1 2392 2393 2394 AND
2 1 2391 2394 2395 XOR
2 1 1956 2395 2396 XOR
2 1 2045 2396 3235 XOR
2 1 2045 2395 2397 XOR
2 1 2396 2397 2398 AND
2 1 2395 2398 2399 XOR
2 1 1955 2399 2400 XOR
2 1 2045 2400 3234 XOR
2 1 2045 2399 2401 XOR
2 1 2400 2401 2402 AND
2 1 2399 2402 2403 XOR
2 1 1954 2403 2404 XOR
2 1 2045 2404 3233 XOR
2 1 2045 2403 2405 XOR
2 1 2404 2405 2406 AND
2 1 2403 2406 2407 XOR
2 1 1953 2407 2408 XOR
2 1 2045 2408 3232 XOR
2 1 2045 2407 2409 XOR
2 1 2408 2409 2410 AND
2 1 2407 2410 2411 XOR
2 1 1952 2411 2412 XOR
2 1 2045 2412 3231 XOR
2 1 2045 2411 2413 XOR
2 1 2412 2413 2414 AND
2 1 2411 2414 2415 XOR
2 1 1951 2415 2416 XOR
2 1 2045 2416 3230 XOR
2 1 2045 2415 2417 XOR
2 1 2416 2417 2418 AND
2 1 2415 2418 2419 XOR
2 1 1950 2419 2420 XOR
2 1 2045 2420 3229 XOR
2 1 2045 2419 2421 XOR
2 1 2420 2421 2422 AND
2 1 2419 2422 2423 XOR
2 1 1949 2423 2424 XOR
2 1 2045 2424 3228 XOR
2 1 2045 2423 2425 XOR
2 1 2424 2425 2426 AND
2 1 2423 2426 2427 XOR
2 1 1948 2427 2428 XOR
2 1 2046 2428 3227 XOR
2 1 2046 2427 2429 XOR
2 1 2428 2429 2430 AND
2 1 2427 2430 2431 XOR
2 1 1947 2431 2432 XOR
2 1 2046 2432 3226 XOR
2 1 2046 2431 2433 XOR
2 1 2432 2433 2434 AND
2 1 2431 2434 2435 XOR
2 1 1946 2435 2436 XOR
2 1 2046 2436 3225 XOR
2 1 2046 2435 2437 XOR
2 1 2436 2437 2438 AND
2 1 2435 2438 2439 XOR
2 1 1945 2439 2440 XOR
2 1 2046 2440 3224 XOR
2 1 2046 2439 2441 XOR
2 1 2440 2441 2442 AND
2 1 2439 2442 2443 XOR
2 1 1944 2443 2444 XOR
2 1 2046 2444 3223 XOR
2 1 2046 2443 2445 XOR
2 1 2444 2445 2446 AND
2 1 2443 2446 2447 XOR
2 1 1943 2447 2448 XOR
2 1 2046 2448 3222 XOR
2 1 2046 2447 2449 XOR
2 1 2448 2449 2450 AND
2 1 2447 2450 2451 XOR
2 1 1942 2451 2452 XOR
2 1 2046 2452 3221 XOR
2 1 2046 2451 2453 XOR
2 1 2452 2453 2454 AND
2 1 2451 2454 2455 XOR
2 1 1941 2455 2456 XOR
2 1 2046 2456 3220 XOR
2 1 2046 2455 2457 XOR
2 1 2456 2457 2458 AND
2 1 2455 2458 2459 XOR
2 1 1940 2459 2460 XOR
2 1 2046 2460 3219 XOR
2 1 2046 2459 2461 XOR
2 1 2460 2461 2462 AND
2 1 2459 2462 2463 XOR
2 1 1939 2463 2464 XOR
2 1 2046 2464 3218 XOR
2 1 2046 2463 2465 XOR
2 1 2464 2465 2466 AND
2 1 2463 2466 2467 XOR
2 1 1938 2467 2468 XOR
2 1 2046 2468 3217 XOR
2 1 2046 2467 2469 XOR
2 1 2468 2469 2470 AND
2 1 2467 2470 2471 XOR
2 1 1937 2471 2472 XOR
2 1 2046 2472 3216 XOR
2 1 2046 2471 2473 XOR
2 1 2472 2473 2474 AND
2 1 2471 2474 2475 XOR
2 1 1936 2475 2476 XOR
2 1 2046 2476 3215 XOR
2 1 2046 2475 2477 XOR
2 1 2476 2477 2478 AND
2 1 2475 2478 2479 XOR
2 1 1935 2479 2480 XOR
2 1 2046 2480 3214 XOR
2 1 2046 2479 2481 XOR
2 1 2480 2481 2482 AND
2 1 2479 2482 2483 XOR
2 1 1934 2483 2484 XOR
2 1 2046 2484 3213 XOR
2 1 2046 2483 2485 XOR
2 1 2484 2485 2486 AND
2 1 2483 2486 2487 XOR
2 1 1933 2487 2488 XOR
2 1 2046 2488 3212 XOR
2 1 2046 2487 2489 XOR
2 1 2488 2489 2490 AND
2 1 2487 2490 2491 XOR
2 1 1932 2491 2492 XOR
2 1 2046 2492 3211 XOR
2 1 2046 2491 2493 XOR
2 1 2492 2493 2494 AND
2 1 2491 2494 2495 XOR
2 1 1931 2495 2496 XOR
2 1 2046 2496 3210 XOR
2 1 2046 2495 2497 XOR
2 1 2496 2497 2498 AND
2 1 2495 2498 2499 XOR
2 1 1930 2499 2500 XOR
2 1 2046 2500 3209 XOR
2 1 2046 2499 2501 XOR
2 1 2500 2501 2502 AND
2 1 2499 2502 2503 XOR
2 1 1929 2503 2504 XOR
2 1 2046 2504 3208 XOR
2 1 2046 2503 2505 XOR
2 1 2504 2505 2506 AND
2 1 2503 2506 2507 XOR
2 1 1928 2507 2508 XOR
2 1 2046 2508 3207 XOR
2 1 2046 2507 2509 XOR
2 1 2508 2509 2510 AND
2 1 2507 2510 2511 XOR
2 1 1927 2511 2512 XOR
2 1 2046 2512 3206 XOR
2 1 2046 2511 2513 XOR
2 1 2512 2513 2514 AND
2 1 2511 2514 2515 XOR
2 1 1926 2515 2516 XOR
2 1 2046 2516 3205 XOR
2 1 2046 2515 2517 XOR
2 1 2516 2517 2518 AND
2 1 2515 2518 2519 XOR
2 1 1925 2519 2520 XOR
2 1 2046 2520 3204 XOR
2 1 2046 2519 2521 XOR
2 1 2520 2521 2522 AND
2 1 2519 2522 2523 XOR
2 1 1924 2523 2524 XOR
2 1 2046 2524 3203 XOR
2 1 2046 2523 2525 XOR
2 1 2524 2525 2526 AND
2 1 2523 2526 2527 XOR
2 1 1923 2527 2528 XOR
2 1 2046 2528 3202 XOR
2 1 2046 2527 2529 XOR
2 1 2528 2529 2530 AND
2 1 2527 2530 2531 XOR
2 1 1922 2531 2532 XOR
2 1 2046 2532 3201 XOR
2 1 2046 2531 2533 XOR
2 1 2532 2533 2534 AND
2 1 2531 2534 2535 XOR
2 1 1921 2535 2536 XOR
2 1 2046 2536 3200 XOR
2 1 2046 2535 2537 XOR
2 1 2536 2537 2538 AND
2 1 2535 2538 2539 XOR
2 1 1920 2539 2540 XOR
2 1 2046 2540 3199 XOR
2 1 2046 2539 2541 XOR
2 1 2540 2541 2542 AND
2 1 2539 2542 2543 XOR
2 1 1919 2543 2544 XOR
2 1 2046 2544 3198 XOR
2 1 2046 2543 2545 XOR
2 1 2544 2545 2546 AND
2 1 2543 2546 2547 XOR
2 1 1918 2547 2548 XOR
2 1 2046 2548 3197 XOR
2 1 2046 2547 2549 XOR
2 1 2548 2549 2550 AND
2 1 2547 2550 2551 XOR
2 1 1917 2551 2552 XOR
2 1 2046 2552 3196 XOR
2 1 2046 2551 2553 XOR
2 1 2552 2553 2554 AND
2 1 2551 2554 2555 XOR
2 1 1916 2555 2556 XOR
2 1 2046 2556 3195 XOR
2 1 2046 2555 2557 XOR
2 1 2556 2557 2558 AND
2 1 2555 2558 2559 XOR
2 1 1915 2559 2560 XOR
2 1 2046 2560 3194 XOR
2 1 2046 2559 2561 XOR
2 1 2560 2561 2562 AND
2 1 2559 2562 2563 XOR
2 1 1914 2563 2564 XOR
2 1 2046 2564 3193 XOR
2 1 2046 2563 2565 XOR
2 1 2564 2565 2566 AND
2 1 2563 2566 2567 XOR
2 1 1913 2567 2568 XOR
2 1 2046 2568 3192 XOR
2 1 2046 2567 2569 XOR
2 1 2568 2569 2570 AND
2 1 2567 2570 2571 XOR
2 1 1912 2571 2572 XOR
2 1 2046 2572 3191 XOR
2 1 2046 2571 2573 XOR
2 1 2572 2573 2574 AND
2 1 2571 2574 2575 XOR
2 1 1911 2575 2576 XOR
2 1 2046 2576 3190 XOR
2 1 2046 2575 2577 XOR
2 1 2576 2577 2578 AND
2 1 2575 2578 2579 XOR
2 1 1910 2579 2580 XOR
2 1 2046 2580 3189 XOR
2 1 2046 2579 2581 XOR
2 1 2580 2581 2582 AND
2 1 2579 2582 2583 XOR
2 1 1909 2583 2584 XOR
2 1 2046 2584 3188 XOR
2 1 2046 2583 2585 XOR
2 1 2584 2585 2586 AND
2 1 2583 2586 2587 XOR
2 1 1908 2587 2588 XOR
2 1 2046 2588 3187 XOR
2 1 2046 2587 2589 XOR
2 1 2588 2589 2590 AND
2 1 2587 2590 2591 XOR
2 1 1907 2591 2592 XOR
2 1 2046 2592 3186 XOR
2 1 2046 2591 2593 XOR
2 1 2592 2593 2594 AND
2 1 2591 2594 2595 XOR
2 1 1906 2595 2596 XOR
2 1 2046 2596 3185 XOR
2 1 2046 2595 2597 XOR
2 1 2596 2597 2598 AND
2 1 2595 2598 2599 XOR
2 1 1905 2599 2600 XOR
2 1 2046 2600 3184 XOR
2 1 2046 2599 2601 XOR
2 1 2600 2601 2602 AND
2 1 2599 2602 2603 XOR
2 1 1904 2603 2604 XOR
2 1 2046 2604 3183 XOR
2 1 2046 2603 2605 XOR
2 1 2604 2605 2606 AND
2 1 2603 2606 2607 XOR
2 1 1903 2607 2608 XOR
2 1 2046 2608 3182 XOR
2 1 2046 2607 2609 XOR
2 1 2608 2609 2610 AND
2 1 2607 2610 2611 XOR
2 1 1902 2611 2612 XOR
2 1 2046 2612 3181 XOR
2 1 2046 2611 2613 XOR
2 1 2612 2613 2614 AND
2 1 2611 2614 2615 XOR
2 1 1901 2615 2616 XOR
2 1 2046 2616 3180 XOR
2 1 2046 2615 2617 XOR
2 1 2616 2617 2618 AND
2 1 2615 2618 2619 XOR
2 1 1900 2619 2620 XOR
2 1 2046 2620 3179 XOR
2 1 2046 2619 2621 XOR
2 1 2620 2621 2622 AND
2 1 2619 2622 2623 XOR
2 1 1899 2623 2624 XOR
2 1 2046 2624 3178 XOR
2 1 2046 2623 2625 XOR
2 1 2624 2625 2626 AND
2 1 2623 2626 2627 XOR
2 1 1898 2627 2628 XOR
2 1 2046 2628 3177 XOR
2 1 2046 2627 2629 XOR
2 1 2628 2629 2630 AND
2 1 2627 2630 2631 XOR
2 1 1897 2631 2632 XOR
2 1 2046 2632 3176 XOR
2 1 2046 2631 2633 XOR
2 1 2632 2633 2634 AND
2 1 2631 2634 2635 XOR
2 1 1896 2635 2636 XOR
2 1 2046 2636 3175 XOR
2 1 2046 2635 2637 XOR
2 1 2636 2637 2638 AND
2 1 2635 2638 2639 XOR
2 1 1895 2639 2640 XOR
2 1 2046 2640 3174 XOR
2 1 2046 2639 2641 XOR
2 1 2640 2641 2642 AND
2 1 2639 2642 2643 XOR
2 1 1894 2643 2644 XOR
2 1 2046 2644 3173 XOR
2 1 2046 2643 2645 XOR
2 1 2644 2645 2646 AND
2 1 2643 2646 2647 XOR
2 1 1893 2647 2648 XOR
2 1 2046 2648 3172 XOR
2 1 2046 2647 2649 XOR
2 1 2648 2649 2650 AND
2 1 2647 2650 2651 XOR
2 1 1892 2651 2652 XOR
2 1 2046 2652 3171 XOR
2 1 2046 2651 2653 XOR
2 1 2652 2653 2654 AND
2 1 2651 2654 2655 XOR
2 1 1891 2655 2656 XOR
2 1 2046 2656 3170 XOR
2 1 2046 2655 2657 XOR
2 1 2656 2657 2658 AND
2 1 2655 2658 2659 XOR
2 1 1890 2659 2660 XOR
2 1 2046 2660 3169 XOR
2 1 2046 2659 2661 XOR
2 1 2660 2661 2662 AND
2 1 2659 2662 2663 XOR
2 1 1889 2663 2664 XOR
2 1 2046 2664 3168 XOR
2 1 2046 2663 2665 XOR
2 1 2664 2665 2666 AND
2 1 2663 2666 2667 XOR
2 1 1888 2667 2668 XOR
2 1 2046 2668 3167 XOR
2 1 2046 2667 2669 XOR
2 1 2668 2669 2670 AND
2 1 2667 2670 2671 XOR
2 1 1887 2671 2672 XOR
2 1 2046 2672 3166 XOR
2 1 2046 2671 2673 XOR
2 1 2672 2673 2674 AND
2 1 2671 2674 2675 XOR
2 1 1886 2675 2676 XOR
2 1 2046 2676 3165 XOR
2 1 2046 2675 2677 XOR
2 1 2676 2677 2678 AND
2 1 2675 2678 2679 XOR
2 1 1885 2679 2680 XOR
2 1 2046 2680 3164 XOR
2 1 2046 2679 2681 XOR
2 1 2680 2681 2682 AND
2 1 2679 2682 2683 XOR
2 1 1884 2683 2684 XOR
2 1 2046 2684 3163 XOR
2 1 2046 2683 2685 XOR
2 1 2684 2685 2686 AND
2 1 2683 2686 2687 XOR
2 1 1883 2687 2688 XOR
2 1 2046 2688 3162 XOR
2 1 2046 2687 2689 XOR
2 1 2688 2689 2690 AND
2 1 2687 2690 2691 XOR
2 1 1882 2691 2692 XOR
2 1 2046 2692 3161 XOR
2 1 2046 2691 2693 XOR
2 1 2692 2693 2694 AND
2 1 2691 2694 2695 XOR
2 1 1881 2695 2696 XOR
2 1 2046 2696 3160 XOR
2 1 2046 2695 2697 XOR
2 1 2696 2697 2698 AND
2 1 2695 2698 2699 XOR
2 1 1880 2699 2700 XOR
2 1 2046 2700 3159 XOR
2 1 2046 2699 2701 XOR
2 1 2700 2701 2702 AND
2 1 2699 2702 2703 XOR
2 1 1879 2703 2704 XOR
2 1 2046 2704 3158 XOR
2 1 2046 2703 2705 XOR
2 1 2704 2705 2706 AND
2 1 2703 2706 2707 XOR
2 1 1878 2707 2708 XOR
2 1 2046 2708 3157 XOR
2 1 2046 2707 2709 XOR
2 1 2708 2709 2710 AND
2 1 2707 2710 2711 XOR
2 1 1877 2711 2712 XOR
2 1 2046 2712 3156 XOR
2 1 2046 2711 2713 XOR
2 1 2712 2713 2714 AND
2 1 2711 2714 2715 XOR
2 1 1876 2715 2716 XOR
2 1 2046 2716 3155 XOR
2 1 2046 2715 2717 XOR
2 1 2716 2717 2718 AND
2 1 2715 2718 2719 XOR
2 1 1875 2719 2720 XOR
2 1 2046 2720 3154 XOR
2 1 2046 2719 2721 XOR
2 1 2720 2721 2722 AND
2 1 2719 2722 2723 XOR
2 1 1874 2723 2724 XOR
2 1 2046 2724 3153 XOR
2 1 2046 2723 2725 XOR
2 1 2724 2725 2726 AND
2 1 2723 2726 2727 XOR
2 1 1873 2727 2728 XOR
2 1 2046 2728 3152 XOR
2 1 2046 2727 2729 XOR
2 1 2728 2729 2730 AND
2 1 2727 2730 2731 XOR
2 1 1872 2731 2732 XOR
2 1 2046 2732 3151 XOR
2 1 2046 2731 2733 XOR
2 1 2732 2733 2734 AND
2 1 2731 2734 2735 XOR
2 1 1871 2735 2736 XOR
2 1 2046 2736 3150 XOR
2 1 2046 2735 2737 XOR
2 1 2736 2737 2738 AND
2 1 2735 2738 2739 XOR
2 1 1870 2739 2740 XOR
2 1 2046 2740 3149 XOR
2 1 2046 2739 2741 XOR
2 1 2740 2741 2742 AND
2 1 2739 2742 2743 XOR
2 1 1869 2743 2744 XOR
2 1 2046 2744 3148 XOR
2 1 2046 2743 2745 XOR
2 1 2744 2745 2746 AND
2 1 2743 2746 2747 XOR
2 1 1868 2747 2748 XOR
2 1 2046 2748 3147 XOR
2 1 2046 2747 2749 XOR
2 1 2748 2749 2750 AND
2 1 2747 2750 2751 XOR
2 1 1867 2751 2752 XOR
2 1 2046 2752 3146 XOR
2 1 2046 2751 2753 XOR
2 1 2752 2753 2754 AND
2 1 2751 2754 2755 XOR
2 1 1866 2755 2756 XOR
2 1 2046 2756 3145 XOR
2 1 2046 2755 2757 XOR
2 1 2756 2757 2758 AND
2 1 2755 2758 2759 XOR
2 1 1865 2759 2760 XOR
2 1 2046 2760 3144 XOR
2 1 2046 2759 2761 XOR
2 1 2760 2761 2762 AND
2 1 2759 2762 2763 XOR
2 1 1864 2763 2764 XOR
2 1 2046 2764 3143 XOR
2 1 2046 2763 2765 XOR
2 1 2764 2765 2766 AND
2 1 2763 2766 2767 XOR
2 1 1863 2767 2768 XOR
2 1 2046 2768 3142 XOR
2 1 2046 2767 2769 XOR
2 1 2768 2769 2770 AND
2 1 2767 2770 2771 XOR
2 1 1862 2771 2772 XOR
2 1 2046 2772 3141 XOR
2 1 2046 2771 2773 XOR
2 1 2772 2773 2774 AND
2 1 2771 2774 2775 XOR
2 1 1861 2775 2776 XOR
2 1 2046 2776 3140 XOR
2 1 2046 2775 2777 XOR
2 1 2776 2777 2778 AND
2 1 2775 2778 2779 XOR
2 1 1860 2779 2780 XOR
2 1 2046 2780 3139 XOR
2 1 2046 2779 2781 XOR
2 1 2780 2781 2782 AND
2 1 2779 2782 2783 XOR
2 1 1859 2783 2784 XOR
2 1 2046 2784 3138 XOR
2 1 2046 2783 2785 XOR
2 1 2784 2785 2786 AND
2 1 2783 2786 2787 XOR
2 1 1858 2787 2788 XOR
2 1 2046 2788 3137 XOR
2 1 2046 2787 2789 XOR
2 1 2788 2789 2790 AND
2 1 2787 2790 2791 XOR
2 1 1857 2791 2792 XOR
2 1 2046 2792 3136 XOR
2 1 2046 2791 2793 XOR
2 1 2792 2793 2794 AND
2 1 2791 2794 2795 XOR
2 1 1856 2795 2796 XOR
2 1 2046 2796 3135 XOR
2 1 2046 2795 2797 XOR
2 1 2796 2797 2798 AND
2 1 2795 2798 2799 XOR
2 1 1855 2799 2800 XOR
2 1 2046 2800 3134 XOR
2 1 2046 2799 2801 XOR
2 1 2800 2801 2802 AND
2 1 2799 2802 2803 XOR
2 1 1854 2803 2804 XOR
2 1 2046 2804 3133 XOR
2 1 2046 2803 2805 XOR
2 1 2804 2805 2806 AND
2 1 2803 2806 2807 XOR
2 1 1853 2807 2808 XOR
2 1 2046 2808 3132 XOR
2 1 2046 2807 2809 XOR
2 1 2808 2809 2810 AND
2 1 2807 2810 2811 XOR
2 1 1852 2811 2812 XOR
2 1 2045 2812 3131 XOR
2 1 2045 2811 2813 XOR
2 1 2812 2813 2814 AND
2 1 2811 2814 2815 XOR
2 1 1851 2815 2816 XOR
2 1 2046 2816 3130 XOR
2 1 2046 2815 2817 XOR
2 1 2816 2817 2818 AND
2 1 2815 2818 2819 XOR
2 1 1850 2819 2820 XOR
2 1 2046 2820 3129 XOR
2 1 2046 2819 2821 XOR
2 1 2820 2821 2822 AND
2 1 2819 2822 2823 XOR
2 1 1849 2823 2824 XOR
2 1 2046 2824 3128 XOR
2 1 2046 2823 2825 XOR
2 1 2824 2825 2826 AND
2 1 2823 2826 2827 XOR
2 1 1848 2827 2828 XOR
2 1 2046 2828 3127 XOR
2 1 2046 2827 2829 XOR
2 1 2828 2829 2830 AND
2 1 2827 2830 2831 XOR
2 1 1847 2831 2832 XOR
2 1 2046 2832 3126 XOR
2 1 2046 2831 2833 XOR
2 1 2832 2833 2834 AND
2 1 2831 2834 2835 XOR
2 1 1846 2835 2836 XOR
2 1 2046 2836 3125 XOR
2 1 2046 2835 2837 XOR
2 1 2836 2837 2838 AND
2 1 2835 2838 2839 XOR
2 1 1845 2839 2840 XOR
2 1 2046 2840 3124 XOR
2 1 2046 2839 2841 XOR
2 1 2840 2841 2842 AND
2 1 2839 2842 2843 XOR
2 1 1844 2843 2844 XOR
2 1 2046 2844 3123 XOR
2 1 2046 2843 2845 XOR
2 1 2844 2845 2846 AND
2 1 2843 2846 2847 XOR
2 1 1843 2847 2848 XOR
2 1 2046 2848 3122 XOR
2 1 2046 2847 2849 XOR
2 1 2848 2849 2850 AND
2 1 2847 2850 2851 XOR
2 1 1842 2851 2852 XOR
2 1 2046 2852 3121 XOR
2 1 2046 2851 2853 XOR
2 1 2852 2853 2854 AND
2 1 2851 2854 2855 XOR
2 1 1841 2855 2856 XOR
2 1 2046 2856 3120 XOR
2 1 2046 2855 2857 XOR
2 1 2856 2857 2858 AND
2 1 2855 2858 2859 XOR
2 1 1840 2859 2860 XOR
2 1 2046 2860 3119 XOR
2 1 2046 2859 2861 XOR
2 1 2860 2861 2862 AND
2 1 2859 2862 2863 XOR
2 1 1839 2863 2864 XOR
2 1 2046 2864 3118 XOR
2 1 2046 2863 2865 XOR
2 1 2864 2865 2866 AND
2 1 2863 2866 2867 XOR
2 1 1838 2867 2868 XOR
2 1 2046 2868 3117 XOR
2 1 2046 2867 2869 XOR
2 1 2868 2869 2870 AND
2 1 2867 2870 2871 XOR
2 1 1837 2871 2872 XOR
2 1 2046 2872 3116 XOR
2 1 2046 2871 2873 XOR
2 1 2872 2873 2874 AND
2 1 2871 2874 2875 XOR
2 1 1836 2875 2876 XOR
2 1 2046 2876 3115 XOR
2 1 2046 2875 2877 XOR
2 1 2876 2877 2878 AND
2 1 2875 2878 2879 XOR
2 1 1835 2879 2880 XOR
2 1 2046 2880 3114 XOR
2 1 2046 2879 2881 XOR
2 1 2880 2881 2882 AND
2 1 2879 2882 2883 XOR
2 1 1834 2883 2884 XOR
2 1 2046 2884 3113 XOR
2 1 2046 2883 2885 XOR
2 1 2884 2885 2886 AND
2 1 2883 2886 2887 XOR
2 1 1833 2887 2888 XOR
2 1 2046 2888 3112 XOR
2 1 2046 2887 2889 XOR
2 1 2888 2889 2890 AND
2 1 2887 2890 2891 XOR
2 1 1832 2891 2892 XOR
2 1 2046 2892 3111 XOR
2 1 2046 2891 2893 XOR
2 1 2892 2893 2894 AND
2 1 2891 2894 2895 XOR
2 1 1831 2895 2896 XOR
2 1 2046 2896 3110 XOR
2 1 2046 2895 2897 XOR
2 1 2896 2897 2898 AND
2 1 2895 2898 2899 XOR
2 1 1830 2899 2900 XOR
2 1 2046 2900 3109 XOR
2 1 2046 2899 2901 XOR
2 1 2900 2901 2902 AND
2 1 2899 2902 2903 XOR
2 1 1829 2903 2904 XOR
2 1 2046 2904 3108 XOR
2 1 2046 2903 2905 XOR
2 1 2904 2905 2906 AND
2 1 2903 2906 2907 XOR
2 1 1828 2907 2908 XOR
2 1 2046 2908 3107 XOR
2 1 2046 2907 2909 XOR
2 1 2908 2909 2910 AND
2 1 2907 2910 2911 XOR
2 1 1827 2911 2912 XOR
2 1 2046 2912 3106 XOR
2 1 2046 2911 2913 XOR
2 1 2912 2913 2914 AND
2 1 2911 2914 2915 XOR
2 1 1826 2915 2916 XOR
2 1 2046 2916 3105 XOR
2 1 2046 2915 2917 XOR
2 1 2916 2917 2918 AND
2 1 2915 2918 2919 XOR
2 1 1825 2919 2920 XOR
2 1 2046 2920 3104 XOR
2 1 2046 2919 2921 XOR
2 1 2920 2921 2922 AND
2 1 2919 2922 2923 XOR
2 1 1824 2923 2924 XOR
2 1 2046 2924 3103 XOR
2 1 2046 2923 2925 XOR
2 1 2924 2925 2926 AND
2 1 2923 2926 2927 XOR
2 1 1823 2927 2928 XOR
2 1 2046 2928 3102 XOR
2 1 2046 2927 2929 XOR
2 1 2928 2929 2930 AND
2 1 2927 2930 2931 XOR
2 1 1822 2931 2932 XOR
2 1 2046 2932 3101 XOR
2 1 2046 2931 2933 XOR
2 1 2932 2933 2934 AND
2 1 2931 2934 2935 XOR
2 1 1821 2935 2936 XOR
2 1 2046 2936 3100 XOR
2 1 2046 2935 2937 XOR
2 1 2936 2937 2938 AND
2 1 2935 2938 2939 XOR
2 1 1820 2939 2940 XOR
2 1 2045 2940 3099 XOR
2 1 2045 2939 2941 XOR
2 1 2940 2941 2942 AND
2 1 2939 2942 2943 XOR
2 1 1819 2943 2944 XOR
2 1 2045 2944 3098 XOR
2 1 2045 2943 2945 XOR
2 1 2944 2945 2946 AND
2 1 2943 2946 2947 XOR
2 1 1818 2947 2948 XOR
2 1 2045 2948 3097 XOR
2 1 2045 2947 2949 XOR
2 1 2948 2949 2950 AND
2 1 2947 2950 2951 XOR
2 1 1817 2951 2952 XOR
2 1 2045 2952 3096 XOR
2 1 2045 2951 2953 XOR
2 1 2952 2953 2954 AND
2 1 2951 2954 2955 XOR
2 1 1816 2955 2956 XOR
2 1 2045 2956 3095 XOR
2 1 2045 2955 2957 XOR
2 1 2956 2957 2958 AND
2 1 2955 2958 2959 XOR
2 1 1815 2959 2960 XOR
2 1 2045 2960 3094 XOR
2 1 2045 2959 2961 XOR
2 1 2960 2961 2962 AND
2 1 2959 2962 2963 XOR
2 1 1814 2963 2964 XOR
2 1 2045 2964 3093 XOR
2 1 2045 2963 2965 XOR
2 1 2964 2965 2966 AND
2 1 2963 2966 2967 XOR
2 1 1813 2967 2968 XOR
2 1 2045 2968 3092 XOR
2 1 2045 2967 2969 XOR
2 1 2968 2969 2970 AND
2 1 2967 2970 2971 XOR
2 1 1812 2971 2972 XOR
2 1 2045 2972 3091 XOR
2 1 2045 2971 2973 XOR
2 1 2972 2973 2974 AND
2 1 2971 2974 2975 XOR
2 1 1811 2975 2976 XOR
2 1 2045 2976 3090 XOR
2 1 2045 2975 2977 XOR
2 1 2976 2977 2978 AND
2 1 2975 2978 2979 XOR
2 1 1810 2979 2980 XOR
2 1 2045 2980 3089 XOR
2 1 2045 2979 2981 XOR
2 1 2980 2981 2982 AND
2 1 2979 2982 2983 XOR
2 1 1809 2983 2984 XOR
2 1 2045 2984 3088 XOR
2 1 2045 2983 2985 XOR
2 1 2984 2985 2986 AND
2 1 2983 2986 2987 XOR
2 1 1808 2987 2988 XOR
2 1 2045 2988 3087 XOR
2 1 2045 2987 2989 XOR
2 1 2988 2989 2990 AND
2 1 2987 2990 2991 XOR
2 1 1807 2991 2992 XOR
2 1 2045 2992 3086 XOR
2 1 2045 2991 2993 XOR
2 1 2992 2993 2994 AND
2 1 2991 2994 2995 XOR
2 1 1806 2995 2996 XOR
2 1 2045 2996 3085 XOR
2 1 2045 2995 2997 XOR
2 1 2996 2997 2998 AND
2 1 2995 2998 2999 XOR
2 1 1805 2999 3000 XOR
2 1 2045 3000 3084 XOR
2 1 2045 2999 3001 XOR
2 1 3000 3001 3002 AND
2 1 2999 3002 3003 XOR
2 1 1804 3003 3004 XOR
2 1 2045 3004 3083 XOR
2 1 2045 3003 3005 XOR
2 1 3004 3005 3006 AND
2 1 3003 3006 3007 XOR
2 1 1803 3007 3008 XOR
2 1 2045 3008 3082 XOR
2 1 2045 3007 3009 XOR
2 1 3008 3009 3010 AND
2 1 3007 3010 3011 XOR
2 1 1802 3011 3012 XOR
2 1 2045 3012 3081 XOR
2 1 2045 3011 3013 XOR
2 1 3012 3013 3014 AND
2 1 3011 3014 3015 XOR
2 1 1801 3015 3016 XOR
2 1 2045 3016 3080 XOR
2 1 2045 3015 3017 XOR
2 1 3016 3017 3018 AND
2 1 3015 3018 3019 XOR
2 1 1800 3019 3020 XOR
2 1 2045 3020 3079 XOR
2 1 2045 3019 3021 XOR
2 1 3020 3021 3022 AND
2 1 3019 3022 3023 XOR
2 1 1799 3023 3024 XOR
2 1 2045 3024 3078 XOR
2 1 2045 3023 3025 XOR
2 1 3024 3025 3026 AND
2 1 3023 3026 3027 XOR
2 1 1798 3027 3028 XOR
2 1 2045 3028 3077 XOR
2 1 2045 3027 3029 XOR
2 1 3028 3029 3030 AND
2 1 3027 3030 3031 XOR
2 1 1797 3031 3032 XOR
2 1 2045 3032 3076 XOR
2 1 2045 3031 3033 XOR
2 1 3032 3033 3034 AND
2 1 3031 3034 3035 XOR
2 1 1796 3035 3036 XOR
2 1 2045 3036 3075 XOR
2 1 2045 3035 3037 XOR
2 1 3036 3037 3038 AND
2 1 3035 3038 3039 XOR
2 1 1795 3039 3040 XOR
2 1 2045 3040 3074 XOR
2 1 2045 3039 3041 XOR
2 1 3040 3041 3042 AND
2 1 3039 3042 3043 XOR
2 1 1794 3043 3044 XOR
2 1 2045 3044 3073 XOR
2 1 2045 3043 3045 XOR
2 1 3044 3045 3046 AND
2 1 3043 3046 3047 XOR
2 1 1793 3047 3048 XOR
2 1 2045 3048 3072 XOR
2 1 2045 3047 3049 XOR
2 1 3048 3049 3050 AND
2 1 3047 3050 3051 XOR
2 1 1792 3051 3052 XOR
2 1 2045 3052 3071 XOR
2 1 2045 3051 3053 XOR
2 1 3052 3053 3054 AND
2 1 3051 3054 3055 XOR
2 1 1791 3055 3056 XOR
2 1 2045 3056 3070 XOR
2 1 2045 3055 3057 XOR
2 1 3056 3057 3058 AND
2 1 3055 3058 3059 XOR
2 1 1790 3059 3060 XOR
2 1 2045 3060 3069 XOR
2 1 2045 3059 3061 XOR
2 1 3060 3061 3062 AND
2 1 3059 3062 3063 XOR
2 1 1789 3063 3064 XOR
2 1 2045 3064 3068 XOR
2 1 2045 3063 3065 XOR
2 1 3064 3065 3066 AND
2 1 3063 3066 3067 XOR
1 1 1788 3324 INV
2 1 2044 3323 3580 XOR
2 1 2043 3322 3579 XOR
2 1 2042 3321 3578 XOR
2 1 2041 3320 3577 XOR
2 1 2040 3319 3576 XOR
2 1 2039 3318 3575 XOR
2 1 2038 3317 3574 XOR
2 1 2037 3316 3573 XOR
2 1 2036 3315 3572 XOR
2 1 2035 3314 3571 XOR
2 1 2034 3313 3570 XOR
2 1 2033 3312 3569 XOR
2 1 2032 3311 3568 XOR
2 1 2031 3310 3567 XOR
2 1 2030 3309 3566 XOR
2 1 2029 3308 3565 XOR
2 1 2028 3307 3564 XOR
2 1 2027 3306 3563 XOR
2 1 2026 3305 3562 XOR
2 1 2025 3304 3561 XOR
2 1 2024 3303 3560 XOR
2 1 2023 3302 3559 XOR
2 1 2022 3301 3558 XOR
2 1 2021 3300 3557 XOR
2 1 2020 3299 3556 XOR
2 1 2019 3298 3555 XOR
2 1 2018 3297 3554 XOR
2 1 2017 3296 3553 XOR
2 1 2016 3295 3552 XOR
2 1 2015 3294 3551 XOR
2 1 2014 3293 3550 XOR
2 1 2013 3292 3549 XOR
2 1 2012 3291 3548 XOR
2 1 2011 3290 3547 XOR
2 1 2010 3289 3546 XOR
2 1 2009 3288 3545 XOR
2 1 2008 3287 3544 XOR
2 1 2007 3286 3543 XOR
2 1 2006 3285 3542 XOR
2 1 2005 3284 3541 XOR
2 1 2004 3283 3540 XOR
2 1 2003 3282 3539 XOR
2 1 2002 3281 3538 XOR
2 1 2001 3280 3537 XOR
2 1 2000 3279 3536 XOR
2 1 1999 3278 3535 XOR
2 1 1998 3277 3534 XOR
2 1 1997 3276 3533 XOR
2 1 1996 3275 3532 XOR
2 1 1995 3274 3531 XOR
2 1 1994 3273 3530 XOR
2 1 1993 3272 3529 XOR
2 1 1992 3271 3528 XOR
2 1 1991 3270 3527 XOR
2 1 1990 3269 3526 XOR
2 1 1989 3268 3525 XOR
2 1 1988 3267 3524 XOR
2 1 1987 3266 3523 XOR
2 1 1986 3265 3522 XOR
2 1 1985 3264 3521 XOR
2 1 1984 3263 3520 XOR
2 1 1983 3262 3519 XOR
2 1 1982 3261 3518 XOR
2 1 1981 3260 3517 XOR
2 1 1980 3259 3516 XOR
2 1 1979 3258 3515 XOR
2 1 1978 3257 3514 XOR
2 1 1977 3256 3513 XOR
2 1 1976 3255 3512 XOR
2 1 1975 3254 3511 XOR
2 1 1974 3253 3510 XOR
2 1 1973 3252 3509 XOR
2 1 1972 3251 3508 XOR
2 1 1971 3250 3507 XOR
2 1 1970 3249 3506 XOR
2 1 1969 3248 3505 XOR
2 1 1968 3247 3504 XOR
2 1 1967 3246 3503 XOR
2 1 1966 3245 3502 XOR
2 1 1965 3244 3501 XOR
2 1 1964 3243 3500 XOR
2 1 1963 3242 3499 XOR
2 1 1962 3241 3498 XOR
2 1 1961 3240 3497 XOR
2 1 1960 3239 3496 XOR
2 1 1959 3238 3495 XOR
2 1 1958 3237 3494 XOR
2 1 1957 3236 3493 XOR
2 1 1956 3235 3492 XOR
2 1 1955 3234 3491 XOR
2 1 1954 3233 3490 XOR
2 1 1953 3232 3489 XOR
2 1 1952 3231 3488 XOR
2 1 1951 3230 3487 XOR
2 1 1950 3229 3486 XOR
2 1 1949 3228 3485 XOR
2 1 1948 3227 3484 XOR
2 1 1947 3226 3483 XOR
2 1 1946 3225 3482 XOR
2 1 1945 3224 3481 XOR
2 1 1944 3223 3480 XOR
2 1 1943 3222 3479 XOR
2 1 1942 3221 3478 XOR
2 1 1941 3220 3477 XOR
2 1 1940 3219 3476 XOR
2 1 1939 3218 3475 XOR
2 1 1938 3217 3474 XOR
2 1 1937 3216 3473 XOR
2 1 1936 3215 3472 XOR
2 1 1935 3214 3471 XOR
2 1 1934 3213 3470 XOR
2 1 1933 3212 3469 XOR
2 1 1932 3211 3468 XOR
2 1 1931 3210 3467 XOR
2 1 1930 3209 3466 XOR
2 1 1929 3208 3465 XOR
2 1 1928 3207 3464 XOR
2 1 1927 3206 3463 XOR
2 1 1926 3205 3462 XOR
2 1 1925 3204 3461 XOR
2 1 1924 3203 3460 XOR
2 1 1923 3202 3459 XOR
2 1 1922 3201 3458 XOR
2 1 1921 3200 3457 XOR
2 1 1920 3199 3456 XOR
2 1 1919 3198 3455 XOR
2 1 1918 3197 3454 XOR
2 1 1917 3196 3453 XOR
2 1 1916 3195 3452 XOR
2 1 1915 3194 3451 XOR
2 1 1914 3193 3450 XOR
2 1 1913 3192 3449 XOR
2 1 1912 3191 3448 XOR
2 1 1911 3190 3447 XOR
2 1 1910 3189 3446 XOR
2 1 1909 3188 3445 XOR
2 1 1908 3187 3444 XOR
2 1 1907 3186 3443 XOR
2 1 1906 3185 3442 XOR
2 1 1905 3184 3441 XOR
2 1 1904 3183 3440 XOR
2 1 1903 3182 3439 XOR
2 1 1902 3181 3438 XOR
2 1 1901 3180 3437 XOR
2 1 1900 3179 3436 XOR
2 1 1899 3178 3435 XOR
2 1 1898 3177 3434 XOR
2 1 1897 3176 3433 XOR
2 1 1896 3175 3432 XOR
2 1 1895 3174 3431 XOR
2 1 1894 3173 3430 XOR
2 1 1893 3172 3429 XOR
2 1 1892 3171 3428 XOR
2 1 1891 3170 3427 XOR
2 1 1890 3169 3426 XOR
2 1 1889 3168 3425 XOR
2 1 1888 3167 3424 XOR
2 1 1887 3166 3423 XOR
2 1 1886 3165 3422 XOR
2 1 1885 3164 3421 XOR
2 1 1884 3163 3420 XOR
2 1 1883 3162 3419 XOR
2 1 1882 3161 3418 XOR
2 1 1881 3160 3417 XOR
2 1 1880 3159 3416 XOR
2 1 1879 3158 3415 XOR
2 1 1878 3157 3414 XOR
2 1 1877 3156 3413 XOR
2 1 1876 3155 3412 XOR
2 1 1875 3154 3411 XOR
2 1 1874 3153 3410 XOR
2 1 1873 3152 3409 XOR
2 1 1872 3151 3408 XOR
2 1 1871 3150 3407 XOR
2 1 1870 3149 3406 XOR
2 1 1869 3148 3405 XOR
2 1 1868 3147 3404 XOR
2 1 1867 3146 3403 XOR
2 1 1866 3145 3402 XOR
2 1 1865 3144 3401 XOR
2 1 1864 3143 3400 XOR
2 1 1863 3142 3399 XOR
2 1 1862 3141 3398 XOR
2 1 1861 3140 3397 XOR
2 1 1860 3139 3396 XOR
2 1 1859 3138 3395 XOR
2 1 1858 3137 3394 XOR
2 1 1857 3136 3393 XOR
2 1 1856 3135 3392 XOR
2 1 1855 3134 3391 XOR
2 1 1854 3133 3390 XOR
2 1 1853 3132 3389 XOR
2 1 1852 3131 3388 XOR
2 1 1851 3130 3387 XOR
2 1 1850 3129 3386 XOR
2 1 1849 3128 3385 XOR
2 1 1848 3127 3384 XOR
2 1 1847 3126 3383 XOR
2 1 1846 3125 3382 XOR
2 1 1845 3124 3381 XOR
2 1 1844 3123 3380 XOR
2 1 1843 3122 3379 XOR
2 1 1842 3121 3378 XOR
2 1 1841 3120 3377 XOR
2 1 1840 3119 3376 XOR
2 1 1839 3118 3375 XOR
2 1 1838 3117 3374 XOR
2 1 1837 3116 3373 XOR
2 1 1836 3115 3372 XOR
2 1 1835 3114 3371 XOR
2 1 1834 3113 3370 XOR
2 1 1833 3112 3369 XOR
2 1 1832 3111 3368 XOR
2 1 1831 3110 3367 XOR
2 1 1830 3109 3366 XOR
2 1 1829 3108 3365 XOR
2 1 1828 3107 3364 XOR
2 1 1827 3106 3363 XOR
2 1 1826 3105 3362 XOR
2 1 1825 3104 3361 XOR
2 1 1824 3103 3360 XOR
2 1 1823 3102 3359 XOR
2 1 1822 3101 3358 XOR
2 1 1821 3100 3357 XOR
2 1 1820 3099 3356 XOR
2 1 1819 3098 3355 XOR
2 1 1818 3097 3354 XOR
2 1 1817 3096 3353 XOR
2 1 1816 3095 3352 XOR
2 1 1815 3094 3351 XOR
2 1 1814 3093 3350 XOR
2 1 1813 3092 3349 XOR
2 1 1812 3091 3348 XOR
2 1 1811 3090 3347 XOR
2 1 1810 3089 3346 XOR
2 1 1809 3088 3345 XOR
2 1 1808 3087 3344 XOR
2 1 1807 3086 3343 XOR
2 1 1806 3085 3342 XOR
2 1 1805 3084 3341 XOR
2 1 1804 3083 3340 XOR
2 1 1803 3082 3339 XOR
2 1 1802 3081 3338 XOR
2 1 1801 3080 3337 XOR
2 1 1800 3079 3336 XOR
2 1 1799 3078 3335 XOR
2 1 1798 3077 3334 XOR
2 1 1797 3076 3333 XOR
2 1 1796 3075 3332 XOR
2 1 1795 3074 3331 XOR
2 1 1794 3073 3330 XOR
2 1 1793 3072 3329 XOR
2 1 1792 3071 3328 XOR
2 1 1791 3070 3327 XOR
2 1 1790 3069 3326 XOR
2 1 1789 3068 3325 XOR
2 1 3324 3580 3836 AND
2 1 3324 3579 3835 AND
2 1 3324 3578 3834 AND
2 1 3324 3577 3833 AND
2 1 3324 3576 3832 AND
2 1 3324 3575 3831 AND
2 1 3324 3574 3830 AND
2 1 3324 3573 3829 AND
2 1 3324 3572 3828 AND
2 1 3324 3571 3827 AND
2 1 3324 3570 3826 AND
2 1 3324 3569 3825 AND
2 1 3324 3568 3824 AND
2 1 3324 3567 3823 AND
2 1 3324 3566 3822 AND
2 1 3324 3565 3821 AND
2 1 3324 3564 3820 AND
2 1 3324 3563 3819 AND
2 1 3324 3562 3818 AND
2 1 3324 3561 3817 AND
2 1 3324 3560 3816 AND
2 1 3324 3559 3815 AND
2 1 3324 3558 3814 AND
2 1 3324 3557 3813 AND
2 1 3324 3556 3812 AND
2 1 3324 3555 3811 AND
2 1 3324 3554 3810 AND
2 1 3324 3553 3809 AND
2 1 3324 3552 3808 AND
2 1 3324 3551 3807 AND
2 1 3324 3550 3806 AND
2 1 3324 3549 3805 AND
2 1 3324 3548 3804 AND
2 1 3324 3547 3803 AND
2 1 3324 3546 3802 AND
2 1 3324 3545 3801 AND
2 1 3324 3544 3800 AND
2 1 3324 3543 3799 AND
2 1 3324 3542 3798 AND
2 1 3324 3541 3797 AND
2 1 3324 3540 3796 AND
2 1 3324 3539 3795 AND
2 1 3324 3538 3794 AND
2 1 3324 3537 3793 AND
2 1 3324 3536 3792 AND
2 1 3324 3535 3791 AND
2 1 3324 3534 3790 AND
2 1 3324 3533 3789 AND
2 1 3324 3532 3788 AND
2 1 3324 3531 3787 AND
2 1 3324 3530 3786 AND
2 1 3324 3529 3785 AND
2 1 3324 3528 3784 AND
2 1 3324 3527 3783 AND
2 1 3324 3526 3782 AND
2 1 3324 3525 3781 AND
2 1 3324 3524 3780 AND
2 1 3324 3523 3779 AND
2 1 3324 3522 3778 AND
2 1 3324 3521 3777 AND
2 1 3324 3520 3776 AND
2 1 3324 3519 3775 AND
2 1 3324 3518 3774 AND
2 1 3324 3517 3773 AND
2 1 3324 3516 3772 AND
2 1 3324 3515 3771 AND
2 1 3324 3514 3770 AND
2 1 3324 3513 3769 AND
2 1 3324 3512 3768 AND
2 1 3324 3511 3767 AND
2 1 3324 3510 3766 AND
2 1 3324 3509 3765 AND
2 1 3324 3508 3764 AND
2 1 3324 3507 3763 AND
2 1 3324 3506 3762 AND
2 1 3324 3505 3761 AND
2 1 3324 3504 3760 AND
2 1 3324 3503 3759 AND
2 1 3324 3502 3758 AND
2 1 3324 3501 3757 AND
2 1 3324 3500 3756 AND
2 1 3324 3499 3755 AND
2 1 3324 3498 3754 AND
2 1 3324 3497 3753 AND
2 1 3324 3496 3752 AND
2 1 3324 3495 3751 AND
2 1 3324 3494 3750 AND
2 1 3324 3493 3749 AND
2 1 3324 3492 3748 AND
2 1 3324 3491 3747 AND
2 1 3324 3490 3746 AND
2 1 3324 3489 3745 AND
2 1 3324 3488 3744 AND
2 1 3324 3487 3743 AND
2 1 3324 3486 3742 AND
2 1 3324 3485 3741 AND
2 1 3324 3484 3740 AND
2 1 3324 3483 3739 AND
2 1 3324 3482 3738 AND
2 1 3324 3481 3737 AND
2 1 3324 3480 3736 AND
2 1 3324 3479 3735 AND
2 1 3324 3478 3734 AND
2 1 3324 3477 3733 AND
2 1 3324 3476 3732 AND
2 1 3324 3475 3731 AND
2 1 3324 3474 3730 AND
2 1 3324 3473 3729 AND
2 1 3324 3472 3728 AND
2 1 3324 3471 3727 AND
2 1 3324 3470 3726 AND
2 1 3324 3469 3725 AND
2 1 3324 3468 3724 AND
2 1 3324 3467 3723 AND
2 1 3324 3466 3722 AND
2 1 3324 3465 3721 AND
2 1 3324 3464 3720 AND
2 1 3324 3463 3719 AND
2 1 3324 3462 3718 AND
2 1 3324 3461 3717 AND
2 1 3324 3460 3716 AND
2 1 3324 3459 3715 AND
2 1 3324 3458 3714 AND
2 1 3324 3457 3713 AND
2 1 3324 3456 3712 AND
2 1 3324 3455 3711 AND
2 1 3324 3454 3710 AND
2 1 3324 3453 3709 AND
2 1 3324 3452 3708 AND
2 1 3324 3451 3707 AND
2 1 3324 3450 3706 AND
2 1 3324 3449 3705 AND
2 1 3324 3448 3704 AND
2 1 3324 3447 3703 AND
2 1 3324 3446 3702 AND
2 1 3324 3445 3701 AND
2 1 3324 3444 3700 AND
2 1 3324 3443 3699 AND
2 1 3324 3442 3698 AND
2 1 3324 3441 3697 AND
2 1 3324 3440 3696 AND
2 1 3324 3439 3695 AND
2 1 3324 3438 3694 AND
2 1 3324 3437 3693 AND
2 1 3324 3436 3692 AND
2 1 3324 3435 3691 AND
2 1 3324 3434 3690 AND
2 1 3324 3433 3689 AND
2 1 3324 3432 3688 AND
2 1 3324 3431 3687 AND
2 1 3324 3430 3686 AND
2 1 3324 3429 3685 AND
2 1 3324 3428 3684 AND
2 1 3324 3427 3683 AND
2 1 3324 3426 3682 AND
2 1 3324 3425 3681 AND
2 1 3324 3424 3680 AND
2 1 3324 3423 3679 AND
2 1 3324 3422 3678 AND
2 1 3324 3421 3677 AND
2 1 3324 3420 3676 AND
2 1 3324 3419 3675 AND
2 1 3324 3418 3674 AND
2 1 3324 3417 3673 AND
2 1 3324 3416 3672 AND
2 1 3324 3415 3671 AND
2 1 3324 3414 3670 AND
2 1 3324 3413 3669 AND
2 1 3324 3412 3668 AND
2 1 3324 3411 3667 AND
2 1 3324 3410 3666 AND
2 1 3324 3409 3665 AND
2 1 3324 3408 3664 AND
2 1 3324 3407 3663 AND
2 1 3324 3406 3662 AND
2 1 3324 3405 3661 AND
2 1 3324 3404 3660 AND
2 1 3324 3403 3659 AND
2 1 3324 3402 3658 AND
2 1 3324 3401 3657 AND
2 1 3324 3400 3656 AND
2 1 3324 3399 3655 AND
2 1 3324 3398 3654 AND
2 1 3324 3397 3653 AND
2 1 3324 3396 3652 AND
2 1 3324 3395 3651 AND
2 1 3324 3394 3650 AND
2 1 3324 3393 3649 AND
2 1 3324 3392 3648 AND
2 1 3324 3391 3647 AND
2 1 3324 3390 3646 AND
2 1 3324 3389 3645 AND
2 1 3324 3388 3644 AND
2 1 3324 3387 3643 AND
2 1 3324 3386 3642 AND
2 1 3324 3385 3641 AND
2 1 3324 3384 3640 AND
2 1 3324 3383 3639 AND
2 1 3324 3382 3638 AND
2 1 3324 3381 3637 AND
2 1 3324 3380 3636 AND
2 1 3324 3379 3635 AND
2 1 3324 3378 3634 AND
2 1 3324 3377 3633 AND
2 1 3324 3376 3632 AND
2 1 3324 3375 3631 AND
2 1 3324 3374 3630 AND
2 1 3324 3373 3629 AND
2 1 3324 3372 3628 AND
2 1 3324 3371 3627 AND
2 1 3324 3370 3626 AND
2 1 3324 3369 3625 AND
2 1 3324 3368 3624 AND
2 1 3324 3367 3623 AND
2 1 3324 3366 3622 AND
2 1 3324 3365 3621 AND
2 1 3324 3364 3620 AND
2 1 3324 3363 3619 AND
2 1 3324 3362 3618 AND
2 1 3324 3361 3617 AND
2 1 3324 3360 3616 AND
2 1 3324 3359 3615 AND
2 1 3324 3358 3614 AND
2 1 3324 3357 3613 AND
2 1 3324 3356 3612 AND
2 1 3324 3355 3611 AND
2 1 3324 3354 3610 AND
2 1 3324 3353 3609 AND
2 1 3324 3352 3608 AND
2 1 3324 3351 3607 AND
2 1 3324 3350 3606 AND
2 1 3324 3349 3605 AND
2 1 3324 3348 3604 AND
2 1 3324 3347 3603 AND
2 1 3324 3346 3602 AND
2 1 3324 3345 3601 AND
2 1 3324 3344 3600 AND
2 1 3324 3343 3599 AND
2 1 3324 3342 3598 AND
2 1 3324 3341 3597 AND
2 1 3324 3340 3596 AND
2 1 3324 3339 3595 AND
2 1 3324 3338 3594 AND
2 1 3324 3337 3593 AND
2 1 3324 3336 3592 AND
2 1 3324 3335 3591 AND
2 1 3324 3334 3590 AND
2 1 3324 3333 3589 AND
2 1 3324 3332 3588 AND
2 1 3324 3331 3587 AND
2 1 3324 3330 3586 AND
2 1 3324 3329 3585 AND
2 1 3324 3328 3584 AND
2 1 3324 3327 3583 AND
2 1 3324 3326 3582 AND
2 1 3324 3325 3581 AND
2 1 3323 3836 3837 XOR
2 1 3322 3835 3838 XOR
2 1 3321 3834 3839 XOR
2 1 3320 3833 3840 XOR
2 1 3319 3832 3841 XOR
2 1 3318 3831 3842 XOR
2 1 3317 3830 3843 XOR
2 1 3316 3829 3844 XOR
2 1 3315 3828 3845 XOR
2 1 3314 3827 3846 XOR
2 1 3313 3826 3847 XOR
2 1 3312 3825 3848 XOR
2 1 3311 3824 3849 XOR
2 1 3310 3823 3850 XOR
2 1 3309 3822 3851 XOR
2 1 3308 3821 3852 XOR
2 1 3307 3820 3853 XOR
2 1 3306 3819 3854 XOR
2 1 3305 3818 3855 XOR
2 1 3304 3817 3856 XOR
2 1 3303 3816 3857 XOR
2 1 3302 3815 3858 XOR
2 1 3301 3814 3859 XOR
2 1 3300 3813 3860 XOR
2 1 3299 3812 3861 XOR
2 1 3298 3811 3862 XOR
2 1 3297 3810 3863 XOR
2 1 3296 3809 3864 XOR
2 1 3295 3808 3865 XOR
2 1 3294 3807 3866 XOR
2 1 3293 3806 3867 XOR
2 1 3292 3805 3868 XOR
2 1 3291 3804 3869 XOR
2 1 3290 3803 3870 XOR
2 1 3289 3802 3871 XOR
2 1 3288 3801 3872 XOR
2 1 3287 3800 3873 XOR
2 1 3286 3799 3874 XOR
2 1 3285 3798 3875 XOR
2 1 3284 3797 3876 XOR
2 1 3283 3796 3877 XOR
2 1 3282 3795 3878 XOR
2 1 3281 3794 3879 XOR
2 1 3280 3793 3880 XOR
2 1 3279 3792 3881 XOR
2 1 3278 3791 3882 XOR
2 1 3277 3790 3883 XOR
2 1 3276 3789 3884 XOR
2 1 3275 3788 3885 XOR
2 1 3274 3787 3886 XOR
2 1 3273 3786 3887 XOR
2 1 3272 3785 3888 XOR
2 1 3271 3784 3889 XOR
2 1 3270 3783 3890 XOR
2 1 3269 3782 3891 XOR
2 1 3268 3781 3892 XOR
2 1 3267 3780 3893 XOR
2 1 3266 3779 3894 XOR
2 1 3265 3778 3895 XOR
2 1 3264 3777 3896 XOR
2 1 3263 3776 3897 XOR
2 1 3262 3775 3898 XOR
2 1 3261 3774 3899 XOR
2 1 3260 3773 3900 XOR
2 1 3259 3772 3901 XOR
2 1 3258 3771 3902 XOR
2 1 3257 3770 3903 XOR
2 1 3256 3769 3904 XOR
2 1 3255 3768 3905 XOR
2 1 3254 3767 3906 XOR
2 1 3253 3766 3907 XOR
2 1 3252 3765 3908 XOR
2 1 3251 3764 3909 XOR
2 1 3250 3763 3910 XOR
2 1 3249 3762 3911 XOR
2 1 3248 3761 3912 XOR
2 1 3247 3760 3913 XOR
2 1 3246 3759 3914 XOR
2 1 3245 3758 3915 XOR
2 1 3244 3757 3916 XOR
2 1 3243 3756 3917 XOR
2 1 3242 3755 3918 XOR
2 1 3241 3754 3919 XOR
2 1 3240 3753 3920 XOR
2 1 3239 3752 3921 XOR
2 1 3238 3751 3922 XOR
2 1 3237 3750 3923 XOR
2 1 3236 3749 3924 XOR
2 1 3235 3748 3925 XOR
2 1 3234 3747 3926 XOR
2 1 3233 3746 3927 XOR
2 1 3232 3745 3928 XOR
2 1 3231 3744 3929 XOR
2 1 3230 3743 3930 XOR
2 1 3229 3742 3931 XOR
2 1 3228 3741 3932 XOR
2 1 3227 3740 3933 XOR
2 1 3226 3739 3934 XOR
2 1 3225 3738 3935 XOR
2 1 3224 3737 3936 XOR
2 1 3223 3736 3937 XOR
2 1 3222 3735 3938 XOR
2 1 3221 3734 3939 XOR
2 1 3220 3733 3940 XOR
2 1 3219 3732 3941 XOR
2 1 3218 3731 3942 XOR
2 1 3217 3730 3943 XOR
2 1 3216 3729 3944 XOR
2 1 3215 3728 3945 XOR
2 1 3214 3727 3946 XOR
2 1 3213 3726 3947 XOR
2 1 3212 3725 3948 XOR
2 1 3211 3724 3949 XOR
2 1 3210 3723 3950 XOR
2 1 3209 3722 3951 XOR
2 1 3208 3721 3952 XOR
2 1 3207 3720 3953 XOR
2 1 3206 3719 3954 XOR
2 1 3205 3718 3955 XOR
2 1 3204 3717 3956 XOR
2 1 3203 3716 3957 XOR
2 1 3202 3715 3958 XOR
2 1 3201 3714 3959 XOR
2 1 3200 3713 3960 XOR
2 1 3199 3712 3961 XOR
2 1 3198 3711 3962 XOR
2 1 3197 3710 3963 XOR
2 1 3196 3709 3964 XOR
2 1 3195 3708 3965 XOR
2 1 3194 3707 3966 XOR
2 1 3193 3706 3967 XOR
2 1 3192 3705 3968 XOR
2 1 3191 3704 3969 XOR
2 1 3190 3703 3970 XOR
2 1 3189 3702 3971 XOR
2 1 3188 3701 3972 XOR
2 1 3187 3700 3973 XOR
2 1 3186 3699 3974 XOR
2 1 3185 3698 3975 XOR
2 1 3184 3697 3976 XOR
2 1 3183 3696 3977 XOR
2 1 3182 3695 3978 XOR
2 1 3181 3694 3979 XOR
2 1 3180 3693 3980 XOR
2 1 3179 3692 3981 XOR
2 1 3178 3691 3982 XOR
2 1 3177 3690 3983 XOR
2 1 3176 3689 3984 XOR
2 1 3175 3688 3985 XOR
2 1 3174 3687 3986 XOR
2 1 3173 3686 3987 XOR
2 1 3172 3685 3988 XOR
2 1 3171 3684 3989 XOR
2 1 3170 3683 3990 XOR
2 1 3169 3682 3991 XOR
2 1 3168 3681 3992 XOR
2 1 3167 3680 3993 XOR
2 1 3166 3679 3994 XOR
2 1 3165 3678 3995 XOR
2 1 3164 3677 3996 XOR
2 1 3163 3676 3997 XOR
2 1 3162 3675 3998 XOR
2 1 3161 3674 3999 XOR
2 1 3160 3673 4000 XOR
2 1 3159 3672 4001 XOR
2 1 3158 3671 4002 XOR
2 1 3157 3670 4003 XOR
2 1 3156 3669 4004 XOR
2 1 3155 3668 4005 XOR
2 1 3154 3667 4006 XOR
2 1 3153 3666 4007 XOR
2 1 3152 3665 4008 XOR
2 1 3151 3664 4009 XOR
2 1 3150 3663 4010 XOR
2 1 3149 3662 4011 XOR
2 1 3148 3661 4012 XOR
2 1 3147 3660 4013 XOR
2 1 3146 3659 4014 XOR
2 1 3145 3658 4015 XOR
2 1 3144 3657 4016 XOR
2 1 3143 3656 4017 XOR
2 1 3142 3655 4018 XOR
2 1 3141 3654 4019 XOR
2 1 3140 3653 4020 XOR
2 1 3139 3652 4021 XOR
2 1 3138 3651 4022 XOR
2 1 3137 3650 4023 XOR
2 1 3136 3649 4024 XOR
2 1 3135 3648 4025 XOR
2 1 3134 3647 4026 XOR
2 1 3133 3646 4027 XOR
2 1 3132 3645 4028 XOR
2 1 3131 3644 4029 XOR
2 1 3130 3643 4030 XOR
2 1 3129 3642 4031 XOR
2 1 3128 3641 4032 XOR
2 1 3127 3640 4033 XOR
2 1 3126 3639 4034 XOR
2 1 3125 3638 4035 XOR
2 1 3124 3637 4036 XOR
2 1 3123 3636 4037 XOR
2 1 3122 3635 4038 XOR
2 1 3121 3634 4039 XOR
2 1 3120 3633 4040 XOR
2 1 3119 3632 4041 XOR
2 1 3118 3631 4042 XOR
2 1 3117 3630 4043 XOR
2 1 3116 3629 4044 XOR
2 1 3115 3628 4045 XOR
2 1 3114 3627 4046 XOR
2 1 3113 3626 4047 XOR
2 1 3112 3625 4048 XOR
2 1 3111 3624 4049 XOR
2 1 3110 3623 4050 XOR
2 1 3109 3622 4051 XOR
2 1 3108 3621 4052 XOR
2 1 3107 3620 4053 XOR
2 1 3106 3619 4054 XOR
2 1 3105 3618 4055 XOR
2 1 3104 3617 4056 XOR
2 1 3103 3616 4057 XOR
2 1 3102 3615 4058 XOR
2 1 3101 3614 4059 XOR
2 1 3100 3613 4060 XOR
2 1 3099 3612 4061 XOR
2 1 3098 3611 4062 XOR
2 1 3097 3610 4063 XOR
2 1 3096 3609 4064 XOR
2 1 3095 3608 4065 XOR
2 1 3094 3607 4066 XOR
2 1 3093 3606 4067 XOR
2 1 3092 3605 4068 XOR
2 1 3091 3604 4069 XOR
2 1 3090 3603 4070 XOR
2 1 3089 3602 4071 XOR
2 1 3088 3601 4072 XOR
2 1 3087 3600 4073 XOR
2 1 3086 3599 4074 XOR
2 1 3085 3598 4075 XOR
2 1 3084 3597 4076 XOR
2 1 3083 3596 4077 XOR
2 1 3082 3595 4078 XOR
2 1 3081 3594 4079 XOR
2 1 3080 3593 4080 XOR
2 1 3079 3592 4081 XOR
2 1 3078 3591 4082 XOR
2 1 3077 3590 4083 XOR
2 1 3076 3589 4084 XOR
2 1 3075 3588 4085 XOR
2 1 3074 3587 4086 XOR
2 1 3073 3586 4087 XOR
2 1 3072 3585 4088 XOR
2 1 3071 3584 4089 XOR
2 1 3070 3583 4090 XOR
2 1 3069 3582 4091 XOR
2 1 3068 3581 4092 XOR
2 1 512 3837 4093 XOR
2 1 513 3838 4094 XOR
2 1 514 3839 4095 XOR
2 1 515 3840 4096 XOR
2 1 516 3841 4097 XOR
2 1 517 3842 4098 XOR
2 1 518 3843 4099 XOR
2 1 519 3844 4100 XOR
2 1 520 3845 4101 XOR
2 1 521 3846 4102 XOR
2 1 522 3847 4103 XOR
2 1 523 3848 4104 XOR
2 1 524 3849 4105 XOR
2 1 525 3850 4106 XOR
2 1 526 3851 4107 XOR
2 1 527 3852 4108 XOR
2 1 528 3853 4109 XOR
2 1 529 3854 4110 XOR
2 1 530 3855 4111 XOR
2 1 531 3856 4112 XOR
2 1 532 3857 4113 XOR
2 1 533 3858 4114 XOR
2 1 534 3859 4115 XOR
2 1 535 3860 4116 XOR
2 1 536 3861 4117 XOR
2 1 537 3862 4118 XOR
2 1 538 3863 4119 XOR
2 1 539 3864 4120 XOR
2 1 540 3865 4121 XOR
2 1 541 3866 4122 XOR
2 1 542 3867 4123 XOR
2 1 543 3868 4124 XOR
2 1 544 3869 4125 XOR
2 1 545 3870 4126 XOR
2 1 546 3871 4127 XOR
2 1 547 3872 4128 XOR
2 1 548 3873 4129 XOR
2 1 549 3874 4130 XOR
2 1 550 3875 4131 XOR
2 1 551 3876 4132 XOR
2 1 552 3877 4133 XOR
2 1 553 3878 4134 XOR
2 1 554 3879 4135 XOR
2 1 555 3880 4136 XOR
2 1 556 3881 4137 XOR
2 1 557 3882 4138 XOR
2 1 558 3883 4139 XOR
2 1 559 3884 4140 XOR
2 1 560 3885 4141 XOR
2 1 561 3886 4142 XOR
2 1 562 3887 4143 XOR
2 1 563 3888 4144 XOR
2 1 564 3889 4145 XOR
2 1 565 3890 4146 XOR
2 1 566 3891 4147 XOR
2 1 567 3892 4148 XOR
2 1 568 3893 4149 XOR
2 1 569 3894 4150 XOR
2 1 570 3895 4151 XOR
2 1 571 3896 4152 XOR
2 1 572 3897 4153 XOR
2 1 573 3898 4154 XOR
2 1 574 3899 4155 XOR
2 1 575 3900 4156 XOR
2 1 576 3901 4157 XOR
2 1 577 3902 4158 XOR
2 1 578 3903 4159 XOR
2 1 579 3904 4160 XOR
2 1 580 3905 4161 XOR
2 1 581 3906 4162 XOR
2 1 582 3907 4163 XOR
2 1 583 3908 4164 XOR
2 1 584 3909 4165 XOR
2 1 585 3910 4166 XOR
2 1 586 3911 4167 XOR
2 1 587 3912 4168 XOR
2 1 588 3913 4169 XOR
2 1 589 3914 4170 XOR
2 1 590 3915 4171 XOR
2 1 591 3916 4172 XOR
2 1 592 3917 4173 XOR
2 1 593 3918 4174 XOR
2 1 594 3919 4175 XOR
2 1 595 3920 4176 XOR
2 1 596 3921 4177 XOR
2 1 597 3922 4178 XOR
2 1 598 3923 4179 XOR
2 1 599 3924 4180 XOR
2 1 600 3925 4181 XOR
2 1 601 3926 4182 XOR
2 1 602 3927 4183 XOR
2 1 603 3928 4184 XOR
2 1 604 3929 4185 XOR
2 1 605 3930 4186 XOR
2 1 606 3931 4187 XOR
2 1 607 3932 4188 XOR
2 1 608 3933 4189 XOR
2 1 609 3934 4190 XOR
2 1 610 3935 4191 XOR
2 1 611 3936 4192 XOR
2 1 612 3937 4193 XOR
2 1 613 3938 4194 XOR
2 1 614 3939 4195 XOR
2 1 615 3940 4196 XOR
2 1 616 3941 4197 XOR
2 1 617 3942 4198 XOR
2 1 618 3943 4199 XOR
2 1 619 3944 4200 XOR
2 1 620 3945 4201 XOR
2 1 621 3946 4202 XOR
2 1 622 3947 4203 XOR
2 1 623 3948 4204 XOR
2 1 624 3949 4205 XOR
2 1 625 3950 4206 XOR
2 1 626 3951 4207 XOR
2 1 627 3952 4208 XOR
2 1 628 3953 4209 XOR
2 1 629 3954 4210 XOR
2 1 630 3955 4211 XOR
2 1 631 3956 4212 XOR
2 1 632 3957 4213 XOR
2 1 633 3958 4214 XOR
2 1 634 3959 4215 XOR
2 1 635 3960 4216 XOR
2 1 636 3961 4217 XOR
2 1 637 3962 4218 XOR
2 1 638 3963 4219 XOR
2 1 639 3964 4220 XOR
2 1 640 3965 4221 XOR
2 1 641 3966 4222 XOR
2 1 642 3967 4223 XOR
2 1 643 3968 4224 XOR
2 1 644 3969 4225 XOR
2 1 645 3970 4226 XOR
2 1 646 3971 4227 XOR
2 1 647 3972 4228 XOR
2 1 648 3973 4229 XOR
2 1 649 3974 4230 XOR
2 1 650 3975 4231 XOR
2 1 651 3976 4232 XOR
2 1 652 3977 4233 XOR
2 1 653 3978 4234 XOR
2 1 654 3979 4235 XOR
2 1 655 3980 4236 XOR
2 1 656 3981 4237 XOR
2 1 657 3982 4238 XOR
2 1 658 3983 4239 XOR
2 1 659 3984 4240 XOR
2 1 660 3985 4241 XOR
2 1 661 3986 4242 XOR
2 1 662 3987 4243 XOR
2 1 663 3988 4244 XOR
2 1 664 3989 4245 XOR
2 1 665 3990 4246 XOR
2 1 666 3991 4247 XOR
2 1 667 3992 4248 XOR
2 1 668 3993 4249 XOR
2 1 669 3994 4250 XOR
2 1 670 3995 4251 XOR
2 1 671 3996 4252 XOR
2 1 672 3997 4253 XOR
2 1 673 3998 4254 XOR
2 1 674 3999 4255 XOR
2 1 675 4000 4256 XOR
2 1 676 4001 4257 XOR
2 1 677 4002 4258 XOR
2 1 678 4003 4259 XOR
2 1 679 4004 4260 XOR
2 1 680 4005 4261 XOR
2 1 681 4006 4262 XOR
2 1 682 4007 4263 XOR
2 1 683 4008 4264 XOR
2 1 684 4009 4265 XOR
2 1 685 4010 4266 XOR
2 1 686 4011 4267 XOR
2 1 687 4012 4268 XOR
2 1 688 4013 4269 XOR
2 1 689 4014 4270 XOR
2 1 690 4015 4271 XOR
2 1 691 4016 4272 XOR
2 1 692 4017 4273 XOR
2 1 693 4018 4274 XOR
2 1 694 4019 4275 XOR
2 1 695 4020 4276 XOR
2 1 696 4021 4277 XOR
2 1 697 4022 4278 XOR
2 1 698 4023 4279 XOR
2 1 699 4024 4280 XOR
2 1 700 4025 4281 XOR
2 1 701 4026 4282 XOR
2 1 702 4027 4283 XOR
2 1 703 4028 4284 XOR
2 1 704 4029 4285 XOR
2 1 705 4030 4286 XOR
2 1 706 4031 4287 XOR
2 1 707 4032 4288 XOR
2 1 708 4033 4289 XOR
2 1 709 4034 4290 XOR
2 1 710 4035 4291 XOR
2 1 711 4036 4292 XOR
2 1 712 4037 4293 XOR
2 1 713 4038 4294 XOR
2 1 714 4039 4295 XOR
2 1 715 4040 4296 XOR
2 1 716 4041 4297 XOR
2 1 717 4042 4298 XOR
2 1 718 4043 4299 XOR
2 1 719 4044 4300 XOR
2 1 720 4045 4301 XOR
2 1 721 4046 4302 XOR
2 1 722 4047 4303 XOR
2 1 723 4048 4304 XOR
2 1 724 4049 4305 XOR
2 1 725 4050 4306 XOR
2 1 726 4051 4307 XOR
2 1 727 4052 4308 XOR
2 1 728 4053 4309 XOR
2 1 729 4054 4310 XOR
2 1 730 4055 4311 XOR
2 1 731 4056 4312 XOR
2 1 732 4057 4313 XOR
2 1 733 4058 4314 XOR
2 1 734 4059 4315 XOR
2 1 735 4060 4316 XOR
2 1 736 4061 4317 XOR
2 1 737 4062 4318 XOR
2 1 738 4063 4319 XOR
2 1 739 4064 4320 XOR
2 1 740 4065 4321 XOR
2 1 741 4066 4322 XOR
2 1 742 4067 4323 XOR
2 1 743 4068 4324 XOR
2 1 744 4069 4325 XOR
2 1 745 4070 4326 XOR
2 1 746 4071 4327 XOR
2 1 747 4072 4328 XOR
2 1 748 4073 4329 XOR
2 1 749 4074 4330 XOR
2 1 750 4075 4331 XOR
2 1 751 4076 4332 XOR
2 1 752 4077 4333 XOR
2 1 753 4078 4334 XOR
2 1 754 4079 4335 XOR
2 1 755 4080 4336 XOR
2 1 756 4081 4337 XOR
2 1 757 4082 4338 XOR
2 1 758 4083 4339 XOR
2 1 759 4084 4340 XOR
2 1 760 4085 4341 XOR
2 1 761 4086 4342 XOR
2 1 762 4087 4343 XOR
2 1 763 4088 4344 XOR
2 1 764 4089 4345 XOR
2 1 765 4090 4346 XOR
2 1 766 4091 4347 XOR
2 1 767 4092 4348 XOR
